402 313 333 374 382 354 216 339 407 386 355 249 278 452 291 313
368 366 312 391 294 345 282 301 369 394 290 287 233 454 322 321
160 197 200 199 197 183 152 203 212 203 166 151 137 236 139 179
402 388 396 438 333 353 284 364 441 458 365 347 301 496 389 353
268 249 333 330 305 312 222 345 395 356 335 264 205 387 239 233
385 402 383 401 377 367 278 365 438 421 388 255 299 413 335 361
325 337 373 354 379 402 268 357 454 435 364 279 312 441 318 327
325 327 358 414 306 320 283 345 429 452 310 348 312 502 356 328
345 352 316 297 274 278 287 283 319 263 245 202 237 374 202 270
241 218 292 245 232 211 168 277 254 255 259 184 191 292 240 222
434 359 335 369 332 334 266 299 379 389 315 246 284 438 348 324
345 254 309 311 335 343 207 291 392 367 322 235 278 408 263 251
325 258 280 327 328 271 198 281 287 314 242 216 241 374 314 298
320 308 280 280 258 330 223 274 316 337 260 220 246 352 283 285
270 288 372 336 360 378 259 388 352 425 292 275 281 429 332 336
342 324 355 350 342 297 269 330 360 392 283 237 332 344 349 328
