4 0 0 0 0 0 0 0 0 0 0 0 0 0 0 0
0 36 0 0 0 0 0 0 0 0 0 0 0 0 0 0
0 0 4 0 0 0 0 0 0 0 0 0 0 0 0 0
0 0 0 54 0 0 0 0 0 0 0 0 0 0 0 0
0 0 0 0 32 0 0 0 0 0 0 0 0 0 0 0
0 0 0 0 0 4 0 0 0 0 0 0 0 0 0 0
0 0 0 0 0 0 54 0 0 0 0 0 0 0 0 0
0 0 0 0 0 0 0 28 0 0 0 0 0 0 0 0
0 0 0 0 0 0 0 0 27 0 0 0 0 0 0 0
0 0 0 0 0 0 0 0 0 6 0 0 0 0 0 0
0 0 0 0 0 0 0 0 0 0 24 0 0 0 0 0
0 0 0 0 0 0 0 0 0 0 0 0 0 0 0 0
0 0 0 0 0 0 0 0 0 0 0 0 63 0 0 0
0 0 0 0 0 0 0 0 0 0 0 0 0 9 0 0
0 0 0 0 0 0 0 0 0 0 0 0 0 0 28 0
0 0 0 0 0 0 0 0 0 0 0 0 0 0 0 9
