356 404 365 319 317 304 361 473 331 410 323 350 394 288 540 403
314 363 358 284 339 291 347 369 252 387 272 325 396 294 442 370
354 286 257 227 346 285 333 390 175 378 193 226 297 279 352 341
208 351 336 265 330 205 360 368 244 356 243 324 345 306 431 374
201 211 198 188 220 120 299 265 163 241 162 260 212 155 234 211
361 367 325 310 247 314 402 373 291 398 289 344 339 233 458 297
432 459 390 316 477 375 386 533 313 460 321 426 492 348 549 454
358 297 278 235 408 308 331 437 199 417 180 287 324 301 382 362
358 392 325 249 429 324 270 425 241 403 245 297 340 341 452 384
285 339 269 208 252 239 261 280 192 330 204 280 258 222 345 304
328 397 312 262 297 250 380 345 248 373 272 338 355 276 447 345
272 302 308 247 280 237 350 382 227 364 179 334 305 249 342 319
403 380 311 222 356 278 275 335 194 403 215 305 267 282 357 364
183 304 322 226 232 206 224 257 223 359 188 258 263 222 314 298
227 292 301 203 270 186 252 307 205 360 181 268 269 251 358 346
353 351 291 245 372 255 379 441 222 318 231 405 380 284 439 358
