0 0 35 0 0 0 35 0 8 0 0 0 20 2 0 0
0 45 56 0 0 0 56 0 0 0 0 0 32 0 0 0
0 9 42 0 0 0 42 0 0 0 0 0 24 0 0 0
0 0 0 0 0 0 0 0 0 0 0 0 0 0 0 0
0 0 35 0 0 21 35 0 0 18 0 0 20 0 0 0
0 0 0 0 0 0 0 0 0 0 0 0 8 0 0 0
0 0 9 0 0 0 0 0 0 0 0 0 7 0 0 0
0 0 0 0 0 0 0 6 0 0 0 0 10 0 0 0
0 0 0 0 0 0 0 0 0 0 0 0 0 0 0 0
0 0 32 0 0 0 0 8 36 0 20 0 0 24 0 0
0 0 4 0 0 0 0 0 0 0 0 0 0 0 0 14
0 48 9 0 0 0 0 6 0 0 0 0 7 0 0 0
0 0 18 0 0 0 0 0 0 0 0 14 32 0 0 0
0 0 0 0 0 0 0 0 0 0 0 0 6 0 0 0
0 0 0 0 0 0 0 0 0 0 0 0 0 0 0 0
0 0 0 0 0 0 0 0 0 0 0 0 0 0 0 0
