0 0 0 0 0 0 8 0 0 0 0 0 0 0 0 16
0 0 0 0 0 0 0 0 0 0 0 0 0 0 0 0
0 0 25 0 0 0 8 0 45 35 0 12 0 0 0 16
0 0 0 45 0 0 0 0 0 0 0 0 0 0 0 0
0 0 0 0 0 0 24 0 0 0 0 0 0 0 0 48
0 0 10 15 10 8 0 0 12 0 0 18 0 0 0 0
0 10 0 0 0 0 0 0 0 0 0 0 0 0 0 0
0 0 0 0 0 0 0 18 0 0 0 0 9 0 18 0
0 0 0 0 40 0 0 0 0 0 0 0 0 0 0 0
0 0 0 0 0 0 0 0 0 0 0 0 0 0 0 0
0 0 0 0 0 0 0 0 0 0 0 0 0 0 0 0
0 0 0 0 0 0 0 0 0 0 0 0 0 0 0 0
0 0 0 20 0 16 30 0 45 0 0 64 0 32 0 0
0 0 0 0 0 0 0 0 27 63 0 15 0 12 0 0
0 0 0 5 0 0 0 6 0 0 0 0 3 0 6 0
0 0 0 0 24 0 0 0 0 0 0 0 0 0 0 0
