456 367 484 310 474 405 477 362 397 384 427 486 525 317 489 506
250 243 362 240 320 274 392 225 318 312 308 335 331 220 339 354
253 306 273 170 278 269 224 201 249 284 248 274 366 226 290 334
305 255 293 226 311 317 239 199 218 188 231 230 324 267 304 350
335 355 383 269 412 398 355 336 336 294 355 375 458 293 402 454
342 342 432 275 452 391 413 354 377 389 363 438 468 279 409 406
271 284 374 188 271 265 287 277 256 297 253 261 365 233 358 352
323 346 330 219 359 360 292 293 288 256 308 331 427 265 356 407
345 273 427 252 398 354 370 325 345 285 323 330 399 283 372 442
209 179 291 176 301 183 273 201 197 215 229 307 227 136 225 211
238 280 251 158 265 219 237 251 228 205 250 271 300 190 294 299
281 335 354 171 313 341 281 229 248 278 243 295 369 235 298 377
408 411 437 292 458 418 385 330 343 342 400 407 530 349 453 505
311 339 382 211 383 344 351 318 297 278 306 410 362 214 354 378
344 300 336 262 374 333 354 288 331 303 335 362 406 307 392 403
331 278 286 208 333 306 294 261 286 213 326 361 403 181 329 373
