0 0 0 0 0 0 0 0 0 0 0 0 0 0 0 0
0 18 0 0 0 0 0 0 10 0 10 0 45 0 0 0
0 0 0 0 0 0 0 0 0 0 0 0 0 0 0 0
0 0 0 0 0 0 72 0 0 0 0 0 0 0 0 0
0 0 27 0 0 63 0 0 0 0 9 0 63 36 0 0
0 0 0 0 0 0 0 0 0 0 0 0 0 0 30 36
0 0 57 0 0 63 56 0 0 0 9 0 63 0 0 0
0 0 0 0 0 0 0 0 0 0 0 0 0 18 0 0
0 0 0 0 0 12 0 0 0 0 0 27 0 0 0 0
0 0 0 0 0 0 0 0 0 0 0 14 0 28 0 0
0 0 0 0 0 0 0 0 0 0 0 32 10 28 0 0
0 0 40 0 0 0 48 0 0 0 0 0 0 0 0 0
0 0 0 0 0 0 16 0 0 0 0 0 0 0 0 0
0 0 0 0 0 0 0 0 0 0 0 0 0 0 0 0
0 0 0 0 0 0 24 0 0 0 0 0 0 0 0 0
0 0 0 0 0 0 0 0 0 0 0 18 14 0 0 28
