30 4 0 21 8 0 0 0 2 0 14 27 0 0 6 0 0 4 32 73 0 24 24 0 0 0 24 0 16 45 12 0 0 0 7 63 72 0 0 0 24 0 20 0 0 0 69 0 0 10 14 9 0 2 81 108 2 35 0 32 0 4 0 0
0 24 0 24 0 96 16 36 72 0 0 0 24 30 0 34 50 48 3 36 0 0 153 56 96 64 16 35 80 58 40 0 41 24 35 7 146 54 64 0 72 82 0 0 80 24 76 0 126 32 27 0 0 0 71 40 0 72 64 78 0 166 91 177
0 28 0 84 0 28 0 0 0 12 32 0 0 0 32 0 49 64 12 14 0 0 28 26 0 0 56 8 0 0 76 0 0 0 30 0 0 0 0 24 0 0 0 0 1 24 0 0 0 36 24 72 0 0 0 0 100 0 54 0 0 0 30 30
27 5 30 0 15 9 12 28 9 0 0 2 0 5 0 0 0 0 10 5 0 0 0 15 0 45 0 0 0 0 40 15 3 0 27 0 1 10 0 0 0 0 0 0 11 0 0 24 0 55 0 20 18 0 0 0 0 0 45 0 24 0 70 81
101 0 0 0 4 0 16 18 15 4 0 8 0 0 0 0 0 0 18 3 36 0 8 0 0 0 0 0 0 0 0 15 0 24 0 35 0 0 24 0 8 0 0 0 0 0 2 24 0 0 6 0 50 0 40 0 0 9 6 0 24 42 0 15
0 6 0 0 0 10 10 2 81 0 18 0 3 0 0 2 51 9 48 0 0 0 18 7 0 102 54 0 37 30 45 3 24 7 0 63 86 17 126 0 0 57 38 0 26 0 109 0 4 0 0 0 0 0 72 61 0 6 8 56 0 8 0 21
23 10 0 8 0 0 30 0 0 1 0 25 2 0 0 0 0 56 1 0 9 0 54 35 18 0 0 103 0 0 0 0 35 14 51 0 0 0 0 0 5 0 0 0 0 16 1 0 0 0 54 0 8 0 3 56 9 0 0 42 0 26 0 0
0 0 0 43 0 0 0 16 15 0 0 0 0 0 18 48 1 101 8 56 10 60 72 5 0 0 37 42 48 0 5 24 30 64 42 30 8 0 27 54 72 42 18 0 7 133 30 0 0 36 42 45 0 36 24 48 45 81 3 86 0 0 8 27
68 0 0 35 24 0 54 0 16 15 0 25 15 0 0 56 10 35 14 64 10 24 35 35 0 36 0 0 20 0 36 28 0 0 0 35 0 0 36 63 0 49 0 0 9 63 36 0 0 27 0 0 28 48 0 0 6 24 0 0 0 32 7 0
12 0 0 83 0 0 11 0 2 0 33 0 0 10 40 0 54 0 10 48 0 0 7 0 49 0 0 0 81 6 0 64 0 5 6 0 0 18 76 0 15 14 0 0 64 35 102 0 18 42 0 6 20 0 0 0 0 6 16 0 0 0 24 20
0 0 0 35 0 8 9 4 6 18 6 0 0 0 0 0 14 40 0 38 0 0 9 26 0 0 35 0 0 0 56 0 63 0 35 0 0 0 0 0 0 0 0 0 6 15 0 0 6 51 3 45 0 36 6 0 45 0 63 0 0 8 38 61
34 0 0 85 0 0 0 14 10 0 16 0 0 0 24 0 0 40 6 99 25 64 30 3 54 0 21 0 64 0 0 53 0 79 8 0 0 35 63 63 0 72 0 0 0 9 87 0 47 75 58 27 35 0 10 0 27 0 7 0 0 2 0 0
16 0 0 0 8 0 15 0 10 0 0 0 0 0 0 0 0 0 0 40 0 8 0 0 0 0 0 0 0 0 12 0 0 0 0 0 0 0 0 0 0 0 0 0 0 0 0 0 0 0 0 0 0 2 0 0 2 8 0 0 0 4 0 0
27 0 0 49 0 0 73 18 15 0 0 35 0 0 12 0 5 64 0 25 0 32 7 62 12 0 49 0 53 0 16 19 0 0 22 0 0 0 0 14 37 16 0 0 56 69 6 24 42 60 28 69 18 0 0 0 117 0 18 0 24 28 66 36
0 0 0 14 0 56 0 28 0 0 0 0 0 0 0 0 0 16 0 16 0 0 63 2 0 0 14 0 0 0 0 0 0 27 0 18 0 27 75 0 0 0 12 0 0 15 0 0 42 0 21 18 0 9 42 0 27 0 15 6 0 62 42 79
0 35 0 0 10 0 0 18 0 0 0 20 0 42 0 0 18 114 0 69 54 0 0 0 72 0 82 0 15 0 0 5 0 0 0 21 0 0 72 0 0 72 0 0 0 0 25 18 63 54 0 42 0 40 24 0 15 0 18 0 4 0 0 108
0 5 0 0 16 3 28 58 89 0 0 32 48 9 3 0 15 15 0 47 54 0 0 0 0 87 18 0 75 0 45 0 0 14 0 0 72 10 81 0 0 53 0 0 27 0 96 0 11 0 36 6 0 0 0 0 6 0 0 0 0 48 0 30
0 0 0 0 14 0 14 0 0 0 0 28 0 0 0 0 0 0 0 0 0 0 9 0 0 24 0 0 54 15 0 48 6 0 0 42 0 0 42 0 0 15 0 0 30 0 57 0 0 0 0 0 0 0 48 0 0 0 0 0 0 42 0 0
0 0 0 64 0 0 4 12 45 0 0 0 0 0 76 0 5 5 0 0 0 0 0 0 56 0 10 0 0 0 25 0 0 8 0 0 40 0 32 0 0 0 0 0 10 56 0 0 0 48 0 0 0 0 0 0 0 10 0 0 0 0 0 0
0 0 0 0 20 0 0 36 0 0 0 0 3 0 0 11 36 0 0 3 0 0 8 7 27 0 0 0 7 0 0 0 0 63 0 63 17 63 0 0 8 0 28 0 0 21 35 0 3 0 0 0 0 21 24 0 21 9 0 18 8 37 49 3
0 0 0 0 4 21 4 0 117 0 0 8 51 21 21 0 8 8 0 63 0 0 0 0 0 42 16 0 0 0 40 81 0 63 0 36 64 36 0 0 54 35 0 0 16 0 63 0 0 0 0 0 0 0 0 0 42 0 0 0 0 12 0 36
0 9 0 0 0 57 2 30 0 0 0 0 18 54 15 0 0 0 76 39 0 0 54 0 63 99 54 0 45 27 0 0 0 32 0 7 0 81 81 0 36 78 45 0 9 32 108 0 36 0 18 0 0 0 56 81 18 32 72 100 0 48 18 42
0 0 6 8 3 0 91 2 34 0 0 20 0 0 8 18 40 0 2 108 0 0 83 28 34 90 0 9 45 0 54 0 0 19 0 0 9 2 85 0 56 0 0 0 9 7 81 0 0 11 0 52 0 0 0 0 0 0 0 0 0 31 9 64
12 0 0 0 0 0 16 6 7 21 0 0 10 0 12 0 6 25 0 32 6 16 85 0 0 27 0 0 52 0 0 9 42 7 0 4 0 4 27 0 70 0 0 0 62 0 43 0 42 56 14 0 0 24 0 0 0 77 0 0 0 0 56 32
0 0 0 52 0 72 0 36 0 0 0 0 0 25 16 21 0 96 6 21 0 0 105 3 112 0 21 87 0 15 0 0 45 2 63 0 21 45 8 0 20 35 0 0 0 23 0 0 54 12 51 27 12 0 54 72 27 15 40 45 0 107 27 63
45 2 30 5 24 18 0 10 0 9 12 0 0 0 0 9 0 0 35 24 81 0 67 0 27 125 21 27 40 23 0 21 2 110 0 0 9 10 84 0 64 5 10 0 8 65 95 0 0 25 24 20 76 0 21 18 0 72 0 65 0 69 45 0
72 0 0 0 8 0 40 48 24 0 0 43 18 0 0 12 0 40 0 15 30 0 0 42 40 0 40 0 42 45 0 40 0 0 0 0 120 0 0 0 0 40 0 0 0 0 11 74 18 30 0 9 48 0 9 72 0 0 0 24 64 72 0 53
0 0 0 0 26 36 8 45 0 0 24 16 44 0 0 8 5 0 0 8 45 0 18 21 0 32 18 56 46 56 12 42 8 4 0 0 24 0 40 0 0 60 0 0 0 18 36 0 9 0 78 0 0 0 0 0 0 0 4 12 0 48 0 44
0 0 0 20 0 0 0 40 0 0 0 0 0 0 0 0 0 0 0 0 25 30 0 0 0 0 0 0 45 0 0 40 0 0 0 0 0 0 35 0 0 0 45 0 35 0 60 0 0 0 0 0 0 0 0 0 0 0 0 0 0 0 5 45
18 0 0 98 0 15 15 0 2 0 0 0 0 0 0 7 0 72 20 37 0 0 21 9 0 0 63 7 0 0 42 0 0 14 0 0 0 0 0 0 0 0 0 0 0 27 18 0 0 0 2 81 28 0 0 0 81 9 0 0 0 2 0 0
0 28 0 8 9 63 0 16 9 0 44 10 0 25 0 0 1 1 36 0 10 12 28 0 0 0 29 27 0 18 33 21 15 0 10 0 13 0 12 24 0 0 33 0 16 9 12 0 0 0 24 0 0 0 0 27 28 0 0 24 0 0 2 18
0 0 0 0 0 0 57 0 66 0 0 0 8 0 0 21 45 0 0 32 0 0 81 0 63 48 0 0 0 30 0 72 12 56 0 32 21 32 0 0 111 30 0 0 0 0 42 0 0 0 0 54 0 0 0 0 0 0 0 0 0 35 0 104
34 37 0 118 8 41 0 0 2 0 0 2 0 5 0 0 56 16 6 23 45 8 110 2 0 0 14 0 0 0 12 63 3 54 2 0 1 0 0 0 56 0 0 0 2 6 41 0 72 63 2 18 63 2 18 0 20 71 0 0 0 6 0 24
0 2 0 10 0 0 35 0 18 0 0 0 0 0 0 0 20 0 20 40 0 0 70 0 0 0 12 42 0 0 0 0 0 0 0 0 0 0 0 0 28 0 10 0 0 0 0 0 0 0 42 24 8 0 0 18 0 0 0 16 0 0 0 32
16 35 0 24 0 63 63 0 10 0 25 54 0 35 0 7 21 72 6 156 48 0 21 56 64 0 64 14 0 0 42 0 26 62 29 0 7 0 0 0 0 64 0 0 14 48 80 16 0 48 0 0 0 0 18 8 0 0 0 47 0 32 0 56
10 0 0 8 0 0 16 16 0 2 0 0 0 0 0 32 0 0 0 8 28 12 0 24 0 0 0 0 24 0 64 16 0 12 40 20 0 0 8 36 0 28 18 0 68 36 12 0 48 84 0 0 16 24 0 0 0 0 74 0 0 12 110 55
16 28 0 52 3 34 0 0 0 0 26 3 0 0 0 0 63 0 0 64 0 0 24 0 0 64 3 9 81 51 0 79 16 0 8 0 8 0 121 0 0 40 0 0 45 3 182 0 0 0 8 1 0 0 1 8 0 0 6 0 0 0 0 21
0 0 0 0 4 0 22 54 0 0 24 8 0 0 54 0 0 0 9 0 0 0 21 0 0 0 0 0 0 0 21 0 0 0 0 0 0 0 0 18 0 0 0 0 0 0 0 0 0 0 0 0 0 0 0 0 21 45 0 0 0 12 0 0
0 0 0 0 0 0 0 0 40 0 18 0 14 0 0 4 42 112 0 24 48 0 0 14 64 0 64 42 14 0 0 72 30 56 42 32 16 32 18 0 48 64 0 0 0 0 10 16 6 48 0 0 0 0 0 48 0 0 2 38 0 16 0 94
0 0 0 0 15 30 15 72 7 27 20 0 56 0 75 0 23 2 0 10 72 8 109 0 0 129 15 117 93 60 0 35 12 0 0 0 0 0 101 0 37 94 0 0 9 15 135 0 0 5 203 18 0 0 0 0 0 18 0 0 0 0 0 64
57 25 0 18 16 45 31 0 55 0 12 42 8 25 0 0 0 0 15 88 0 0 0 0 0 0 0 0 0 0 0 72 15 56 16 32 5 32 0 0 48 0 0 0 10 0 54 0 0 0 5 0 0 0 0 0 0 0 0 0 0 53 0 32
0 0 0 0 0 0 0 0 25 0 0 24 5 25 0 0 0 48 0 24 36 0 0 18 83 0 48 0 0 55 48 45 0 35 30 20 64 65 0 0 50 83 0 0 0 0 6 12 0 72 0 8 0 0 8 64 0 15 94 0 0 0 30 62
0 0 0 0 0 9 73 0 17 0 0 40 18 9 30 0 25 62 0 73 36 56 35 56 90 18 48 0 74 0 0 30 0 0 0 0 0 0 38 49 35 119 0 0 10 0 45 12 0 71 49 30 0 0 0 0 18 0 6 0 0 32 0 97
81 93 0 52 0 0 0 0 24 0 32 0 9 0 16 0 0 0 12 0 0 0 76 48 95 128 48 0 40 0 28 0 0 2 0 0 0 0 80 24 0 0 0 0 8 14 72 40 0 12 0 0 0 0 0 0 28 0 0 0 0 0 0 0
0 0 0 40 0 0 10 0 0 0 24 0 0 0 0 13 0 0 25 20 0 0 36 0 0 0 0 5 15 0 51 4 0 10 0 5 0 0 0 27 0 7 0 0 40 9 0 0 30 21 0 0 32 6 0 0 21 0 0 0 0 0 41 20
72 0 0 24 28 0 13 0 0 10 48 2 0 0 0 0 0 0 12 64 0 28 28 0 6 0 0 0 12 0 70 0 35 0 8 0 0 0 0 24 0 0 0 0 16 0 72 0 18 13 0 0 0 27 0 0 42 28 0 0 0 15 16 8
0 42 0 32 0 32 0 0 0 0 0 27 0 12 0 27 56 12 2 12 0 0 0 0 135 0 0 0 0 45 0 18 0 16 0 21 99 0 56 63 0 72 0 0 0 16 0 0 18 0 0 21 0 0 39 72 0 0 14 14 0 45 0 59
45 20 0 28 0 0 0 74 0 9 0 0 0 24 0 0 0 24 0 24 116 42 0 0 0 0 0 0 0 0 0 0 0 117 0 14 0 45 0 0 0 0 63 0 14 0 42 0 45 0 0 24 72 0 16 0 0 0 0 0 0 54 7 63
0 0 0 0 45 9 54 81 0 0 0 45 18 9 9 48 81 0 0 36 0 0 0 90 0 18 0 0 0 0 72 24 0 0 45 30 0 0 0 54 0 57 0 0 0 54 99 0 0 60 0 0 0 36 0 0 18 0 81 0 18 36 51 0
0 35 0 12 0 0 0 24 5 0 0 0 1 42 0 0 0 42 4 42 15 18 0 0 0 0 0 0 0 0 0 9 0 39 0 4 0 4 0 0 6 0 27 0 6 32 18 0 63 0 0 42 0 0 12 0 0 0 0 28 0 0 3 31
0 10 0 28 0 26 14 102 0 0 0 4 9 10 42 6 0 0 0 2 35 42 9 21 0 0 0 0 21 0 0 0 6 0 4 0 26 0 0 0 0 0 63 0 18 0 45 0 15 0 3 0 0 0 6 0 0 35 0 12 0 32 10 79
0 25 0 0 40 45 0 78 20 0 0 10 22 25 0 12 72 0 0 0 0 0 0 42 0 0 0 0 42 0 0 36 15 49 20 16 53 31 0 0 49 0 0 0 10 40 75 0 21 0 0 0 0 0 0 0 45 0 0 24 16 48 0 34
16 0 0 56 0 0 8 0 0 12 8 12 12 0 56 8 8 28 3 32 8 0 59 0 49 0 0 8 12 20 55 0 0 23 0 0 32 0 28 6 0 0 0 0 36 49 0 0 24 74 0 4 0 0 4 32 7 0 0 0 0 0 32 16
0 0 0 0 4 0 4 0 0 0 0 8 0 0 0 0 0 0 0 0 0 0 0 0 0 0 0 0 0 0 0 0 0 0 0 42 0 0 0 0 0 0 0 0 0 0 0 0 0 0 0 0 0 0 48 0 0 0 0 0 0 12 0 0
0 0 0 30 0 0 0 0 0 0 15 0 0 15 0 0 35 64 12 0 0 0 6 0 21 16 0 56 0 19 0 0 44 0 56 0 0 27 0 0 12 31 0 0 0 0 14 0 0 0 0 0 24 0 0 64 0 9 24 40 0 0 0 0
36 5 0 0 0 0 0 0 4 27 0 0 0 6 72 0 0 6 12 11 0 0 6 15 0 0 0 24 18 0 40 16 0 0 25 0 0 0 14 0 0 0 0 0 10 0 12 0 9 30 64 6 0 0 0 0 0 0 45 0 0 4 25 0
0 42 36 0 18 0 0 14 66 0 0 0 0 0 0 0 5 5 12 0 0 0 42 42 0 103 52 0 0 0 25 0 0 7 0 0 40 17 0 0 0 0 0 0 10 0 0 35 1 30 0 24 0 0 0 0 0 0 0 0 0 0 54 0
14 45 0 21 40 0 0 72 0 0 14 0 0 54 0 0 72 54 0 113 0 0 36 9 0 0 0 36 0 0 24 0 0 0 22 0 0 0 0 0 0 0 0 0 0 0 127 0 81 18 36 54 0 0 0 0 0 0 27 0 16 0 15 0
9 0 12 0 6 0 18 52 3 0 0 0 0 0 42 0 0 40 12 15 30 0 0 0 40 18 40 0 18 0 0 21 0 64 0 0 0 4 14 0 0 40 0 0 10 64 17 18 0 40 0 8 6 0 24 0 0 35 0 56 8 0 18 35
0 0 0 0 0 0 4 12 0 0 0 0 9 0 12 6 0 0 0 0 0 0 0 21 0 0 0 0 21 0 0 2 8 0 16 0 28 8 0 0 40 18 0 0 0 64 11 0 9 0 0 0 0 0 0 0 72 10 0 12 0 24 0 9
0 52 0 15 43 0 14 81 27 0 0 16 0 12 36 0 63 24 6 36 0 48 42 42 0 76 42 0 63 0 0 0 0 0 0 0 0 0 27 0 0 0 0 0 3 0 83 35 18 30 42 12 12 0 0 0 0 15 0 0 14 24 0 0
8 0 0 0 4 24 0 45 0 0 0 0 101 24 24 12 5 0 0 72 45 4 0 42 0 48 0 0 67 0 6 0 0 0 0 0 48 0 63 0 0 80 0 0 7 0 83 0 18 0 30 0 0 1 0 0 49 4 7 24 0 50 0 106
81 54 0 0 0 0 30 0 44 0 0 25 0 0 24 0 0 16 27 32 0 64 54 89 12 63 54 0 64 0 0 4 0 0 0 0 0 0 0 14 0 16 0 0 0 0 0 45 0 40 65 0 0 0 0 0 0 0 0 0 0 29 0 0
0 40 24 0 12 72 0 8 0 0 0 16 0 40 0 0 0 0 8 0 0 0 0 0 0 45 0 0 5 0 0 0 24 0 30 0 8 8 9 0 35 0 0 0 17 56 16 0 0 20 0 16 0 0 0 0 63 0 0 0 0 0 36 0
