0 0 24 0 78 2 8 36 0 57 0 48 16 22 0 14 32 12 35 16 0 12 6 0 0 0 64 0 48 56 60 4 0 0 0 0 0 0 8 0 97 28 0 0 0 72 24 0 0 4 16 0 0 0 0 0 48 21 0 60 35 16 6 56
0 0 0 0 32 2 0 0 0 12 0 0 0 12 0 9 0 0 48 0 0 64 0 0 0 0 0 0 0 24 0 0 0 60 0 0 0 0 13 16 0 0 6 0 39 32 28 44 0 0 0 32 0 20 2 0 0 21 12 12 0 0 24 0
0 7 0 0 0 12 14 35 0 30 0 0 0 0 45 0 56 0 45 53 0 21 0 0 14 45 6 0 0 0 24 56 0 21 0 0 0 0 14 0 0 49 0 45 0 0 42 35 0 7 0 42 0 15 0 7 0 0 3 29 21 6 10 0
56 0 0 10 0 63 0 40 0 28 0 0 0 65 0 20 0 0 72 0 0 30 0 30 0 0 0 8 0 32 16 0 0 0 8 4 0 0 0 10 28 0 0 7 28 0 14 15 0 45 0 0 21 0 0 0 0 12 0 48 34 0 16 32
0 12 54 0 23 5 10 40 0 49 30 0 40 33 0 62 85 15 0 8 0 0 6 0 0 0 0 0 0 25 0 5 36 2 0 0 18 0 4 0 1 9 24 0 20 10 0 0 50 40 24 0 0 48 0 0 12 7 0 8 0 88 82 30
0 0 117 4 29 35 0 72 0 56 40 0 56 51 0 0 0 56 0 27 0 12 4 12 2 68 0 0 0 0 72 0 48 54 105 6 0 0 6 67 0 63 32 0 0 0 81 36 56 22 32 0 0 120 121 28 40 72 36 0 0 120 20 40
15 0 0 39 0 17 8 68 15 56 8 19 24 15 15 46 32 24 0 75 15 48 0 36 0 0 0 16 5 0 6 0 0 21 0 12 0 36 49 60 59 28 48 0 9 56 73 32 21 93 0 56 28 0 1 24 0 43 16 0 25 0 0 40
0 8 27 0 105 20 0 64 0 9 42 54 136 48 36 0 0 24 9 0 0 0 2 0 15 61 102 0 0 99 14 93 0 21 0 0 35 0 0 0 54 0 0 36 0 81 0 0 0 2 42 94 0 15 42 7 54 0 3 17 21 105 63 0
15 0 0 27 0 0 0 0 0 0 63 15 12 39 15 18 0 0 72 0 15 0 0 0 0 81 36 0 0 48 16 54 0 0 0 0 0 0 0 0 24 0 0 27 42 0 0 0 21 0 63 72 36 0 9 0 0 0 0 56 0 0 16 0
30 36 66 12 29 83 42 40 0 0 0 0 40 67 0 0 8 87 66 0 0 28 0 0 0 0 0 0 48 42 54 20 0 32 18 54 33 30 18 40 46 54 0 0 24 0 54 42 32 24 12 0 48 24 84 0 0 0 0 48 42 55 0 0
0 0 0 4 56 24 0 16 0 0 0 0 0 0 0 0 32 0 30 0 0 100 0 12 0 0 12 32 0 0 0 0 0 30 32 16 72 0 0 44 0 0 0 28 0 0 0 6 0 18 0 0 48 30 0 0 0 0 6 18 0 12 0 0
15 0 0 12 32 0 0 0 0 28 10 0 0 12 0 8 0 0 0 0 20 0 0 0 8 0 0 40 5 0 10 0 0 0 95 20 0 0 0 0 28 0 0 35 0 0 7 41 4 0 40 0 0 28 4 0 0 30 0 14 20 0 24 32
0 8 64 0 0 16 18 45 0 56 40 0 0 1 0 0 72 1 0 36 0 27 0 0 0 0 8 0 8 0 9 0 48 0 0 0 25 0 18 0 0 69 32 0 0 0 54 0 56 9 32 0 0 84 0 0 16 0 4 20 0 97 0 40
0 9 0 24 0 0 0 0 0 3 0 0 0 84 0 24 49 0 0 5 0 0 8 0 24 28 0 0 4 0 0 21 28 3 36 12 0 0 9 4 0 0 0 0 0 8 35 2 8 28 76 44 0 16 8 64 0 102 36 100 0 0 41 20
8 0 104 0 0 8 4 66 0 62 40 0 32 28 16 77 16 0 0 23 14 6 0 64 0 0 0 0 24 72 40 0 48 0 67 0 0 0 20 35 0 38 32 8 49 0 22 0 88 2 32 0 0 76 36 0 16 40 0 28 0 64 28 40
0 0 0 2 0 0 8 28 0 0 0 0 0 15 0 0 32 0 63 16 0 18 15 6 0 0 0 0 0 0 14 10 14 3 18 6 0 0 8 6 0 28 0 0 0 8 31 5 0 13 40 8 0 0 0 8 0 0 0 28 0 0 14 0
56 0 14 0 0 71 0 0 0 0 0 0 9 49 0 0 40 0 45 5 0 9 0 56 0 15 0 28 0 56 10 0 0 0 8 0 0 24 0 27 27 0 0 18 18 14 14 0 0 20 0 0 84 77 2 0 49 35 0 34 14 0 49 0
0 0 0 0 4 0 9 10 0 0 0 0 0 0 0 0 16 36 0 8 0 6 3 0 0 0 0 0 0 0 0 0 0 0 0 18 9 0 6 30 0 14 0 0 0 5 12 0 0 3 0 0 0 0 0 0 0 0 0 0 0 0 8 0
0 0 0 0 30 6 15 48 0 0 0 0 48 50 0 15 8 18 30 1 0 40 9 0 0 0 0 0 0 40 0 0 0 30 0 0 27 0 6 0 0 0 0 0 35 15 0 0 0 7 0 0 0 0 0 0 0 0 0 20 0 48 27 0
0 0 0 0 0 0 0 0 0 0 0 0 64 15 32 0 0 0 0 0 0 0 15 0 0 0 0 0 0 32 0 10 0 0 0 0 0 0 0 0 0 0 0 16 0 0 0 0 0 0 40 0 0 0 32 0 0 0 0 0 0 0 56 0
0 0 12 24 63 0 0 0 0 0 35 7 0 0 28 0 24 0 0 0 0 0 49 16 0 49 44 63 0 58 0 30 0 0 0 0 0 0 0 0 0 0 0 15 0 12 0 0 0 49 35 64 18 0 5 0 7 2 0 18 0 0 0 7
8 0 0 0 4 0 0 0 0 6 0 0 0 6 0 0 0 0 0 0 14 0 6 0 0 0 0 0 0 81 0 49 0 18 0 0 0 0 0 0 9 0 0 0 54 0 0 0 72 54 16 0 0 26 0 14 0 0 0 0 0 0 10 0
0 0 16 0 12 0 0 0 0 0 0 0 0 18 0 9 0 6 0 0 0 0 0 0 0 72 0 0 48 24 54 0 0 72 56 8 0 0 8 0 0 0 0 0 21 0 0 40 0 0 0 0 0 42 48 42 32 0 48 60 0 0 30 0
0 0 0 0 0 0 0 0 0 42 0 0 0 0 63 0 0 0 0 35 0 0 0 0 0 63 0 0 0 0 0 0 42 0 54 18 0 0 0 0 0 0 0 63 0 0 0 49 0 0 0 0 0 0 0 24 0 0 0 0 0 0 0 0
0 0 54 0 0 17 0 63 0 54 0 0 6 32 81 105 0 0 42 72 0 56 0 72 0 81 0 48 27 73 74 5 42 44 201 42 0 18 34 63 1 27 0 123 62 0 18 63 44 6 0 0 4 0 36 36 0 72 0 32 0 0 0 0
0 12 12 0 0 0 0 0 0 0 0 0 0 7 0 0 0 0 6 0 0 8 0 56 1 0 0 0 1 56 0 3 0 6 0 0 0 0 0 0 0 9 0 0 0 0 6 0 0 0 0 0 63 0 0 0 0 7 0 14 0 0 0 5
5 9 24 9 0 4 0 28 3 6 36 5 25 5 5 52 9 72 0 9 5 21 0 32 18 35 0 63 13 0 18 135 0 36 16 27 0 56 71 108 71 84 9 0 18 0 0 0 23 7 0 54 4 0 0 9 0 12 0 0 27 0 74 0
0 0 0 12 0 0 0 0 0 4 0 0 0 84 0 32 12 0 12 0 0 16 18 0 17 63 0 0 0 0 0 0 35 12 45 15 0 0 9 0 0 0 0 0 0 0 2 0 4 18 24 0 0 8 4 32 0 85 36 14 0 0 26 0
10 0 0 18 0 4 0 0 0 24 0 10 8 10 37 0 0 0 0 18 10 0 0 0 45 0 0 3 0 0 15 0 18 18 45 0 0 0 56 33 16 0 12 0 36 48 42 33 14 0 0 48 0 0 4 0 0 0 45 18 0 0 0 0
25 32 20 10 0 63 21 0 0 0 0 0 39 18 0 81 0 0 27 0 0 12 0 0 0 20 0 0 0 5 9 2 0 19 9 30 0 128 81 48 71 0 0 0 0 24 21 27 0 0 10 32 36 0 21 54 0 0 0 16 21 0 32 0
56 1 63 0 0 63 0 0 0 63 49 0 0 49 0 0 0 2 0 0 0 0 0 0 2 0 0 7 0 0 2 15 54 4 0 0 0 0 7 0 0 8 36 0 2 0 14 0 63 0 99 6 21 72 0 55 18 1 0 0 17 72 9 45
0 0 0 0 18 8 0 0 0 0 0 2 0 0 8 0 0 0 12 0 0 16 0 0 0 0 4 18 0 0 0 0 0 39 0 0 0 0 0 36 0 0 0 0 0 72 63 18 0 14 0 72 0 10 0 0 2 0 2 6 0 4 0 2
21 16 0 0 0 0 24 24 0 0 4 2 24 0 12 0 0 0 16 7 0 0 0 0 0 0 0 8 7 12 15 0 0 0 63 0 0 0 6 0 0 0 0 6 0 0 7 0 0 0 0 0 0 0 12 0 0 58 24 0 0 0 21 0
0 0 0 0 55 0 0 0 0 12 12 5 0 8 38 6 0 6 0 10 0 0 0 0 0 18 0 66 0 16 0 21 0 15 0 0 0 0 21 16 0 24 0 18 20 32 28 22 0 35 0 32 0 35 0 35 5 3 0 8 0 0 25 5
0 0 38 6 10 0 0 0 18 53 25 0 0 0 0 0 6 0 0 54 0 0 0 0 0 1 6 0 6 0 0 0 30 0 0 0 25 0 0 0 0 0 74 0 0 3 0 0 35 42 20 6 24 75 0 35 10 0 0 0 0 65 25 25
5 0 0 51 8 0 0 0 0 0 0 5 4 47 5 0 0 0 36 0 5 48 0 0 28 0 0 0 0 0 0 0 0 36 0 0 40 0 0 0 8 0 0 0 0 0 7 9 21 0 35 0 0 33 14 0 0 63 0 49 0 40 6 0
0 10 57 0 52 6 60 65 0 21 15 0 9 16 32 42 0 0 10 0 0 9 83 48 0 15 0 0 50 48 0 0 18 0 24 0 105 24 30 27 27 18 12 0 0 45 0 0 45 9 12 0 0 24 0 0 6 10 56 16 56 24 96 15
30 40 48 12 36 4 0 28 0 0 18 4 0 13 16 28 0 6 0 27 36 0 35 32 9 0 0 38 61 36 144 35 21 24 124 45 0 0 8 69 42 12 0 0 0 0 24 23 16 28 66 24 28 0 36 16 4 72 0 70 12 0 0 9
24 28 28 0 93 0 0 0 0 0 0 0 3 19 0 0 12 0 0 0 0 21 7 0 2 19 0 0 8 0 16 2 0 0 72 0 27 8 0 24 9 21 0 0 0 0 8 81 0 4 8 0 18 45 0 0 0 0 0 0 0 0 62 0
25 34 32 10 60 53 41 70 0 4 0 24 64 70 0 0 0 24 53 0 0 0 0 0 0 0 32 0 0 33 0 0 14 10 33 36 0 25 20 0 59 0 0 0 0 36 0 35 0 0 10 0 30 0 35 8 24 39 20 0 35 64 0 0
0 8 8 0 0 16 0 0 0 0 14 0 12 15 0 36 0 0 18 0 28 24 15 0 0 0 0 0 0 0 4 10 0 18 14 0 25 36 32 0 0 6 0 0 0 6 0 7 0 0 82 0 8 0 0 24 0 0 12 0 0 25 0 0
18 8 0 0 0 0 12 12 0 0 0 0 0 0 0 0 0 0 8 0 0 0 0 0 0 0 0 0 6 0 12 0 0 3 54 0 0 0 0 4 0 0 0 0 0 8 13 2 0 0 0 8 12 0 0 0 0 8 0 0 0 0 0 0
6 0 0 0 0 12 0 0 0 0 0 0 0 0 0 0 0 0 0 0 0 0 0 0 0 0 0 0 2 0 4 0 0 9 30 0 0 0 0 12 0 0 0 27 27 24 23 6 0 0 0 24 0 21 3 0 0 0 0 0 0 0 0 0
0 0 0 0 14 36 0 0 0 0 0 0 56 0 28 0 0 0 0 0 0 0 0 48 0 0 18 0 0 76 0 0 0 0 0 0 0 0 0 0 0 0 0 14 0 0 0 0 0 0 0 0 54 94 28 49 0 6 9 39 0 18 84 0
0 9 0 0 12 40 0 32 0 0 0 0 32 48 0 0 48 12 54 6 0 72 0 0 4 0 18 0 4 0 0 21 0 54 0 0 0 0 8 0 0 0 0 0 0 0 24 0 0 24 35 36 0 45 0 30 0 56 41 99 0 50 23 20
0 0 6 18 0 1 0 7 24 24 0 0 0 18 0 7 0 54 9 72 0 0 0 8 12 0 0 0 11 0 2 0 0 0 4 27 0 0 2 45 0 3 72 0 0 0 3 0 10 56 15 0 32 12 6 0 0 27 0 25 0 0 2 0
8 3 0 0 8 72 59 0 0 0 49 0 0 113 0 0 0 0 63 0 0 0 22 0 14 119 28 0 0 81 6 111 0 27 21 0 18 35 30 0 9 0 0 21 54 10 2 49 72 72 49 74 45 0 56 3 0 35 20 0 60 0 16 0
0 9 42 0 0 7 0 49 0 0 12 0 64 0 32 49 0 0 0 12 24 0 0 96 0 0 0 0 21 72 32 9 0 0 68 0 0 0 14 28 0 21 0 16 0 0 8 6 28 0 36 36 77 0 48 0 0 37 0 82 0 0 56 0
25 30 44 10 0 4 0 28 0 2 0 0 0 56 0 44 70 0 0 8 0 0 0 32 8 0 0 0 20 5 0 24 0 10 16 30 0 0 8 0 35 12 0 0 0 0 48 0 16 32 10 0 0 0 0 0 0 2 0 0 0 0 36 40
0 0 0 0 9 0 18 45 3 3 20 11 0 84 4 21 72 0 0 80 0 27 0 0 8 0 0 97 9 56 5 24 0 0 48 24 0 0 18 0 0 63 9 42 49 0 102 0 0 23 42 0 4 0 0 36 1 0 0 28 0 0 6 41
8 0 0 0 0 0 0 0 0 6 12 0 12 28 0 0 0 0 63 0 38 12 14 0 4 20 0 0 4 12 14 12 0 0 12 0 0 32 0 36 36 0 0 0 0 3 24 6 0 0 36 0 0 12 0 0 0 0 6 32 0 0 46 20
0 0 0 0 61 0 0 0 0 63 0 5 0 0 20 18 0 0 63 0 0 0 0 56 0 0 0 45 0 56 14 0 0 0 0 0 0 0 0 0 63 0 0 0 0 0 0 0 0 35 0 0 63 56 0 56 5 34 0 42 45 0 54 77
0 0 12 48 0 2 0 14 0 0 14 0 48 69 24 14 0 0 0 0 28 0 21 16 32 0 0 8 6 24 0 14 0 9 30 4 0 0 4 12 0 6 0 19 0 24 29 13 24 0 138 24 0 32 40 0 0 72 0 56 0 0 42 0
84 0 12 36 88 72 0 0 3 16 20 44 16 76 20 72 27 10 76 9 20 0 42 0 0 0 32 35 1 64 16 35 0 5 0 0 0 0 35 0 56 40 9 0 10 36 16 54 28 7 0 0 40 44 0 14 24 14 0 44 16 0 116 0
12 16 16 0 0 32 10 25 0 0 0 0 0 0 0 0 40 0 0 20 0 15 0 0 0 0 16 0 4 0 8 0 0 0 36 0 0 0 10 0 0 47 0 0 0 0 34 0 0 5 0 0 0 40 0 0 0 0 8 24 0 16 0 0
0 32 32 4 45 9 0 88 0 18 56 0 72 45 27 0 0 27 0 15 0 12 63 12 0 99 32 0 0 54 0 48 0 0 0 0 0 0 0 4 0 24 0 51 0 0 0 27 0 18 56 64 0 63 8 63 0 0 0 18 0 72 45 0
64 0 0 0 0 72 0 0 0 6 0 0 0 56 0 48 18 0 0 0 0 0 0 0 0 0 0 0 0 0 0 0 0 0 0 0 0 0 7 0 0 0 0 0 0 0 16 0 0 0 0 0 24 0 0 0 0 55 28 0 16 0 36 0
15 0 0 45 72 0 0 72 0 0 0 15 12 15 15 0 0 0 0 0 15 54 0 118 0 0 0 0 0 64 0 0 0 0 0 0 0 0 0 18 24 0 0 0 0 0 0 108 21 81 0 0 72 45 0 0 0 8 0 16 0 0 54 0
119 48 42 79 16 73 0 7 0 0 0 15 12 107 15 7 0 0 0 0 15 0 0 8 24 18 0 0 3 8 0 0 0 34 18 50 0 0 4 0 80 3 0 0 0 0 22 28 37 0 46 0 24 34 24 0 8 54 12 42 16 0 12 0
6 2 0 0 0 0 0 0 0 5 0 0 27 0 0 40 15 0 0 0 0 27 0 0 4 45 0 0 2 27 8 31 0 12 18 0 0 72 2 81 84 0 0 0 18 0 2 0 24 18 0 12 0 0 0 2 0 19 8 0 6 0 102 0
0 0 49 0 16 0 0 0 27 76 63 0 0 0 0 0 0 14 0 81 0 0 0 0 0 0 0 49 9 0 0 49 42 7 0 0 5 0 49 0 0 56 109 0 14 0 0 18 49 63 28 0 36 66 0 0 14 7 0 0 0 61 12 35
0 0 0 0 28 0 35 0 0 0 0 0 0 0 0 0 0 0 0 0 0 0 21 0 0 0 0 0 0 0 0 0 0 0 0 0 63 0 14 0 0 0 0 0 0 35 0 0 0 7 0 0 0 0 0 0 0 0 0 0 0 0 56 0
18 0 0 18 24 8 0 64 3 3 0 0 64 58 0 0 0 24 0 9 0 0 0 0 12 0 0 6 7 0 42 0 0 0 54 0 0 0 0 18 0 0 9 0 0 0 9 42 6 7 15 0 4 12 6 0 0 27 0 57 0 64 0 0
76 0 0 0 0 72 0 0 0 9 6 0 0 58 0 0 32 2 18 4 33 24 0 0 0 0 0 0 16 0 18 0 0 39 6 0 0 0 0 28 0 0 0 0 0 56 65 17 0 16 18 56 60 18 0 0 0 0 0 16 16 0 12 0
