1619 1528 1484 1447 1272 1464 1384 1297 1269 1407 1415 1505 1660 1624 1336 1518 1217 1623 1546 1743 1405 1616 1473 1250 1275 1550 1472 1285 1481 1208 1142 1605 1349 1443 1279 1420 1357 1359 1210 1437 1726 1649 1560 1284 1241 1349 1322 1250 1545 1370 1465 1527 1512 1470 1437 1771 1276 1347 1591 1474 1516 1255 1110 1616
1662 1389 1494 1474 1429 1660 1445 1292 1423 1484 1427 1617 1657 1758 1379 1590 1268 1620 1665 1788 1502 1623 1660 1349 1272 1599 1442 1439 1535 1285 1199 1568 1556 1523 1323 1486 1448 1486 1300 1520 1566 1655 1504 1304 1288 1495 1445 1337 1421 1569 1547 1448 1364 1552 1371 1817 1413 1265 1576 1433 1643 1455 1231 1557
1354 1151 1178 1138 1286 1236 1178 1027 1106 1233 1179 1378 1332 1346 1181 1177 1146 1281 1388 1454 1168 1266 1253 1147 1135 1270 1180 1119 1331 1143 911 1230 1258 1325 1085 1164 1285 1199 1132 1132 1400 1347 1239 945 1080 1117 1001 961 1199 1390 1345 1202 1278 1282 1165 1366 1278 1082 1258 1185 1348 1070 1109 1220
1253 1238 1071 1081 1132 1099 1142 1061 968 1245 1101 1196 1367 1081 1157 1314 949 1333 1196 1450 1068 1109 1248 986 1125 1207 1211 955 1277 1076 909 1304 1184 1373 1129 1235 1066 1109 1008 1127 1276 1399 1251 925 944 1113 1013 1052 1141 1147 1189 1086 1280 1212 1153 1452 1031 1028 1202 1278 1233 985 1036 1176
1379 1269 1326 1299 1307 1296 1248 1271 1234 1538 1271 1378 1372 1490 1397 1469 1081 1432 1527 1519 1324 1358 1370 1239 1293 1500 1344 1114 1308 1216 1046 1389 1148 1409 1342 1474 1142 1135 1144 1193 1400 1494 1449 1230 1154 1346 1244 1154 1371 1443 1434 1220 1421 1342 1419 1598 1278 1174 1423 1386 1346 1130 1182 1293
1535 1330 1378 1413 1247 1446 1406 1174 1306 1372 1376 1458 1594 1479 1305 1484 1150 1522 1406 1534 1363 1420 1563 1212 1275 1503 1472 1159 1500 1256 1090 1585 1429 1304 1189 1370 1302 1285 1297 1433 1395 1418 1414 1268 1044 1259 1149 1227 1251 1273 1406 1350 1421 1384 1375 1549 1160 1161 1445 1357 1547 1307 1091 1372
1463 1407 1365 1417 1465 1436 1372 1238 1269 1423 1448 1546 1606 1604 1374 1404 1222 1501 1489 1700 1364 1406 1406 1272 1422 1630 1426 1327 1463 1348 1055 1460 1388 1491 1114 1459 1298 1327 1238 1337 1438 1599 1489 1238 1154 1315 1162 1296 1369 1412 1403 1413 1402 1353 1326 1604 1394 1230 1338 1544 1616 1269 1246 1387
1235 1298 1386 1306 1187 1424 1176 1137 1135 1257 1336 1290 1482 1518 1203 1246 1055 1311 1328 1512 1279 1376 1317 1193 1186 1393 1258 1191 1235 1062 1051 1198 1323 1347 1207 1309 1175 1186 1021 1383 1399 1458 1387 1082 1015 1154 1156 1095 1192 1212 1268 1227 1176 1304 1167 1381 1155 1257 1412 1254 1498 1184 1079 1406
1433 1383 1446 1338 1176 1382 1221 1097 1285 1313 1335 1369 1511 1522 1288 1416 1149 1388 1393 1715 1222 1475 1361 1272 1213 1467 1359 1131 1415 1285 1079 1404 1304 1487 1124 1316 1298 1344 1200 1340 1529 1480 1390 1139 1124 1151 1214 1178 1365 1363 1275 1217 1271 1356 1359 1512 1269 1280 1345 1384 1491 1255 1124 1394
1332 1313 1268 1248 1241 1309 1244 1117 1189 1316 1362 1378 1466 1422 1289 1351 1119 1416 1358 1440 1262 1408 1317 1135 1192 1531 1406 1157 1347 1262 962 1343 1364 1462 1167 1346 1279 1270 1171 1230 1306 1522 1452 1023 1149 1140 1058 1081 1335 1363 1398 1299 1290 1284 1261 1515 1294 1050 1392 1382 1499 1158 1208 1222
1461 1358 1229 1273 1302 1255 1181 1120 1298 1409 1358 1429 1453 1482 1209 1323 1087 1357 1456 1470 1280 1308 1336 1172 1247 1399 1252 1079 1331 1130 887 1375 1176 1238 1201 1329 1255 1138 1124 1175 1462 1310 1376 1081 1081 1277 1120 1071 1283 1445 1354 1222 1414 1306 1285 1492 1306 1130 1321 1356 1422 1133 1124 1312
1389 1432 1322 1285 1296 1439 1248 1194 1178 1330 1288 1458 1455 1492 1276 1480 1211 1448 1442 1659 1271 1308 1380 1194 1251 1506 1300 1108 1461 1313 985 1308 1323 1455 1318 1294 1172 1246 1219 1339 1464 1585 1499 1116 1058 1173 1109 1319 1347 1367 1348 1333 1389 1416 1281 1621 1260 1285 1412 1407 1464 1186 1188 1342
1336 1351 1293 1184 1191 1267 1156 1042 1004 1469 1274 1388 1362 1397 1186 1316 1062 1423 1359 1511 1291 1370 1151 1168 1250 1328 1265 1180 1168 1138 855 1345 1176 1325 1130 1260 1176 1131 1102 1159 1412 1431 1305 1058 1041 1174 1132 1072 1317 1367 1351 1269 1323 1217 1187 1374 1239 1161 1362 1361 1411 1152 1104 1343
1172 1216 1067 1218 1114 1344 1179 1031 1065 1192 1210 1266 1281 1287 1143 1243 995 1315 1357 1512 1123 1158 1140 985 1129 1299 1133 1025 1242 1077 901 1253 1347 1239 1104 1193 1111 1091 1026 1224 1298 1377 1281 1030 965 1185 1095 1053 1217 1309 1316 1116 1216 1163 1161 1323 1093 941 1352 1238 1308 1213 1118 1269
1234 1143 1196 1144 1135 1140 1052 987 1094 1335 1162 1181 1226 1210 1075 1322 799 1328 1239 1412 1142 1163 1234 1070 1248 1229 1162 1062 1158 1080 958 1385 1073 1257 1057 1169 1076 1104 1006 1186 1247 1408 1184 1041 1074 1152 944 1027 1144 1208 1137 1086 1229 1076 1064 1322 982 1017 1199 1169 1344 916 909 1253
1353 1191 1237 996 1254 1188 1177 1119 1188 1300 1289 1358 1316 1405 1120 1331 1034 1302 1273 1416 1223 1158 1189 971 1104 1214 1090 1032 1148 1115 955 1304 1130 1138 1226 1207 1206 1169 1100 1104 1310 1353 1275 944 1033 1133 996 995 1307 1156 1184 1175 1341 1220 1249 1367 1127 1135 1218 1325 1270 1057 1033 1156
1576 1397 1165 1386 1211 1418 1316 1334 1293 1412 1365 1451 1603 1515 1245 1540 1132 1544 1541 1687 1329 1385 1385 1193 1363 1480 1394 1254 1464 1251 1003 1418 1496 1367 1301 1505 1391 1368 1274 1484 1508 1336 1462 1201 1163 1383 1269 1185 1324 1577 1379 1263 1499 1444 1375 1601 1275 1189 1485 1468 1550 1242 1137 1476
1262 1272 1253 1251 1081 1347 1173 1038 1173 1232 1190 1383 1407 1339 1121 1261 1068 1329 1321 1443 1266 1398 1199 1043 1172 1382 1181 1128 1208 1137 987 1333 1331 1348 1166 1254 1170 1215 1022 1341 1377 1411 1356 1084 1032 1099 1153 1106 1276 1159 1183 1255 1239 1163 1179 1445 1142 1121 1307 1258 1464 1111 1108 1261
1443 1248 1309 1342 1180 1239 1191 1225 1232 1369 1351 1323 1254 1394 1350 1533 1067 1467 1295 1600 1228 1249 1330 1120 1250 1346 1222 1084 1267 1194 1091 1443 1166 1375 1259 1405 1224 1210 1229 1167 1393 1467 1307 1179 1066 1264 1036 1118 1352 1408 1219 1134 1448 1319 1422 1434 1099 1141 1404 1310 1359 1191 1200 1269
1411 1271 1287 1251 1233 1315 1170 1134 1115 1282 1291 1343 1459 1405 1172 1404 1032 1466 1494 1578 1311 1354 1354 1228 1267 1326 1310 1220 1332 1132 991 1305 1317 1367 1202 1254 1190 1145 1216 1345 1509 1403 1240 1168 1097 1213 1201 1105 1240 1281 1378 1346 1302 1305 1150 1494 1069 1087 1359 1256 1437 1191 939 1456
1293 1410 1252 1331 1250 1291 1211 1204 1196 1393 1321 1315 1502 1434 1302 1333 1089 1339 1391 1534 1234 1344 1385 1221 1298 1471 1243 1140 1330 1110 927 1397 1255 1260 1163 1478 1279 1271 1153 1387 1430 1387 1497 1190 1098 1360 1156 1112 1315 1384 1327 1116 1350 1339 1359 1474 1200 1158 1342 1391 1501 1190 1117 1336
1291 1198 1109 1252 1122 1284 1046 976 1119 1207 1063 1279 1301 1335 1214 1255 968 1301 1271 1415 1230 1266 1233 1067 1063 1349 1118 1125 1260 1147 977 1136 1156 1303 1130 1197 1223 1112 1080 1200 1291 1275 1190 1003 905 1038 1114 1029 1161 1178 1230 1205 1173 1156 1030 1380 1177 998 1251 1115 1390 1205 1036 1293
1525 1494 1568 1442 1399 1569 1258 1242 1297 1568 1510 1529 1520 1608 1399 1503 1034 1474 1492 1736 1527 1501 1410 1479 1408 1576 1439 1389 1412 1381 1194 1536 1373 1607 1337 1475 1443 1335 1195 1407 1764 1609 1461 1063 1218 1231 1162 1277 1431 1432 1487 1324 1470 1400 1316 1566 1371 1369 1501 1401 1732 1286 1155 1613
1489 1439 1402 1572 1328 1451 1242 1137 1303 1458 1379 1535 1537 1592 1369 1700 1185 1396 1477 1747 1196 1599 1483 1298 1259 1401 1363 1251 1382 1341 1141 1411 1453 1540 1333 1403 1240 1270 1247 1428 1511 1577 1521 1288 1237 1330 1278 1347 1327 1528 1307 1373 1404 1469 1375 1675 1361 1348 1451 1561 1593 1291 1157 1475
1305 1380 1254 1285 1244 1233 1255 1270 1096 1399 1352 1345 1435 1407 1292 1253 987 1351 1505 1569 1203 1292 1295 1125 1285 1621 1285 1202 1334 1103 1087 1283 1205 1396 1244 1335 1195 1254 1097 1325 1437 1323 1432 979 1140 1147 1123 1100 1321 1415 1334 1188 1280 1307 1264 1421 1190 1302 1384 1299 1562 1061 1195 1325
1614 1380 1360 1383 1240 1317 1311 1128 1268 1340 1448 1480 1546 1591 1422 1510 1076 1475 1557 1590 1319 1514 1485 1241 1171 1545 1386 1263 1371 1222 1063 1353 1330 1335 1325 1378 1420 1152 1211 1274 1580 1443 1453 1205 1173 1311 1189 1119 1382 1343 1367 1240 1445 1443 1323 1570 1277 1213 1416 1449 1562 1251 1162 1477
1422 1401 1398 1369 1217 1317 1198 1143 1199 1378 1343 1448 1412 1632 1390 1507 1095 1270 1388 1595 1367 1457 1340 1129 1085 1498 1393 1190 1360 1187 1057 1430 1305 1387 1203 1366 1230 1241 1223 1252 1361 1414 1479 1097 1268 1329 1131 1191 1240 1375 1338 1220 1376 1401 1290 1506 1258 1187 1424 1457 1382 1360 1234 1291
1372 1380 1279 1408 1263 1368 1371 1201 1248 1363 1351 1415 1450 1604 1335 1511 1162 1391 1512 1628 1237 1455 1473 1268 1210 1679 1385 1182 1345 1264 1041 1440 1318 1357 1223 1390 1366 1277 1251 1364 1450 1605 1547 1209 1189 1357 1190 1275 1515 1484 1391 1241 1362 1375 1369 1649 1291 1217 1368 1452 1501 1203 1187 1389
1380 1295 1356 1309 1246 1353 1206 1129 1123 1432 1383 1392 1503 1390 1235 1377 1065 1467 1402 1566 1332 1319 1285 1300 1233 1413 1384 1210 1300 1100 1106 1385 1397 1437 1221 1447 1240 1237 1208 1448 1434 1425 1345 1078 1080 1234 1242 1157 1309 1441 1180 1183 1334 1365 1189 1435 1261 1383 1403 1360 1623 1306 1138 1507
1224 1373 1253 1375 1215 1366 1127 1079 1132 1361 1398 1439 1434 1310 1350 1447 1134 1428 1384 1560 1247 1439 1282 1125 1237 1507 1372 1197 1305 1171 1054 1436 1346 1505 1130 1349 1195 1301 1204 1332 1380 1528 1390 1196 1038 1117 1092 1228 1222 1267 1376 1345 1432 1358 1304 1381 1274 1262 1343 1344 1423 1222 1125 1428
1584 1392 1414 1527 1402 1367 1290 1346 1225 1298 1420 1428 1636 1562 1369 1651 1170 1501 1555 1767 1297 1434 1504 1267 1386 1526 1448 1248 1390 1295 1134 1473 1266 1572 1253 1490 1245 1342 1330 1374 1597 1491 1518 1280 1238 1321 1201 1292 1397 1481 1428 1438 1466 1498 1269 1577 1265 1289 1464 1494 1595 1101 1088 1456
1446 1242 1406 1265 1182 1257 1245 1132 1191 1394 1268 1394 1533 1456 1202 1428 1038 1364 1380 1515 1310 1236 1302 1186 1137 1361 1279 1121 1366 1181 1049 1205 1222 1472 1136 1319 1205 1279 1139 1300 1366 1394 1312 1049 1029 1137 1131 1100 1236 1404 1183 1297 1316 1389 1292 1442 1199 1262 1372 1358 1389 1149 1083 1362
1406 1396 1053 1446 1099 1194 1198 1095 1113 1327 1207 1133 1400 1319 1291 1492 986 1374 1327 1557 1149 1163 1297 1132 1148 1346 1275 1044 1255 1134 999 1305 1138 1462 1135 1283 1108 1308 1181 1260 1371 1288 1313 1021 1113 1136 1000 1107 1240 1283 1166 1245 1387 1315 1255 1392 1130 1133 1382 1210 1295 1094 1049 1260
1450 1326 1288 1406 1272 1376 1269 1213 1213 1349 1215 1474 1445 1430 1271 1388 1154 1461 1338 1530 1346 1346 1365 1186 1238 1439 1275 1231 1365 1185 990 1403 1371 1440 1242 1305 1209 1271 1202 1391 1425 1391 1382 1141 1171 1249 1168 1231 1170 1395 1281 1369 1439 1309 1253 1594 1133 1279 1426 1415 1542 1175 1122 1292
1436 1287 1327 1356 1330 1359 1249 1272 1227 1490 1388 1470 1545 1469 1395 1518 1146 1648 1481 1669 1424 1408 1465 1295 1289 1507 1502 1242 1482 1275 1113 1486 1322 1483 1300 1415 1336 1324 1269 1371 1481 1571 1275 1248 1102 1290 1235 1257 1312 1371 1440 1328 1538 1403 1322 1583 1323 1361 1337 1411 1489 1317 1151 1440
1412 1265 1165 1344 1197 1214 1108 1094 1134 1369 1420 1291 1476 1372 1120 1267 1134 1372 1413 1495 1229 1374 1242 1141 1327 1457 1313 1101 1268 1137 883 1150 1256 1309 1203 1408 1272 1314 1074 1204 1376 1309 1319 1082 1060 1116 1158 1060 1279 1395 1237 1216 1342 1194 1206 1359 1184 1112 1316 1269 1438 980 1151 1256
1285 1207 1312 1179 1238 1312 1185 1083 1164 1203 1298 1344 1422 1389 1165 1365 1070 1349 1361 1416 1269 1360 1278 1128 1173 1308 1172 1080 1285 1031 887 1240 1201 1255 1135 1326 1115 1268 1099 1307 1251 1427 1320 1110 1110 1207 929 1021 1254 1282 1243 1252 1347 1254 1324 1297 1096 1149 1261 1210 1301 1034 1111 1211
1227 1350 1103 1191 1136 1357 1152 1069 1080 1336 1210 1287 1386 1448 1188 1262 930 1382 1328 1522 1299 1205 1294 1082 1060 1352 1181 1116 1197 1183 951 1257 1081 1198 1173 1153 1061 1044 1041 1212 1265 1422 1257 1046 938 1127 1135 1141 1216 1220 1238 1279 1206 1114 1271 1394 1181 1077 1309 1245 1321 1218 1092 1245
1427 1218 1293 1322 1305 1232 1168 1169 1123 1421 1553 1431 1521 1416 1245 1314 1129 1433 1392 1475 1378 1382 1316 1251 1275 1366 1364 1157 1312 1057 995 1399 1267 1371 1103 1321 1252 1272 1161 1204 1331 1461 1238 1054 1131 1198 1059 1094 1149 1406 1261 1257 1424 1283 1147 1295 1278 1366 1226 1319 1538 1133 1112 1410
1439 1403 1264 1436 1359 1438 1138 1131 1160 1349 1404 1366 1480 1511 1312 1510 1174 1389 1352 1611 1285 1489 1390 1259 1239 1442 1324 1145 1422 1298 1005 1264 1413 1398 1256 1300 1118 1349 1125 1215 1423 1586 1453 1051 1162 1182 1147 1250 1252 1364 1352 1364 1361 1286 1227 1549 1340 1265 1420 1436 1480 1303 1150 1463
1309 1134 1300 1188 1280 1419 1149 1127 1202 1284 1246 1327 1284 1410 1283 1456 1027 1452 1225 1519 1225 1376 1367 1193 1107 1408 1248 1210 1277 1176 1033 1417 1180 1392 1140 1335 1250 1187 1071 1236 1328 1569 1302 1178 1030 1283 1060 1169 1274 1285 1272 1193 1268 1296 1245 1483 1235 1171 1303 1210 1250 1200 1087 1384
1328 1441 1258 1339 1203 1370 1178 1051 1029 1329 1198 1419 1370 1375 1335 1406 1146 1345 1273 1514 1224 1386 1382 1275 1099 1466 1335 1158 1366 1173 1003 1293 1368 1400 1194 1308 1170 1170 1091 1364 1431 1485 1483 1073 1086 1257 1135 1217 1240 1330 1177 1260 1381 1374 1260 1561 1195 1183 1430 1354 1420 1255 1213 1366
1314 1292 1226 1315 1190 1315 1134 969 1184 1360 1320 1373 1401 1360 1295 1347 1009 1270 1398 1567 1287 1379 1279 1136 1147 1514 1301 1017 1330 1159 1005 1227 1282 1300 1328 1263 1249 1073 999 1219 1326 1421 1410 1091 1040 1199 1049 1112 1235 1288 1296 1103 1300 1182 1179 1437 1283 1193 1143 1329 1464 1124 1118 1227
1329 1285 1076 1287 1183 1201 1201 1089 1114 1299 1272 1324 1456 1427 1267 1309 1037 1331 1315 1544 1180 1383 1298 1124 1200 1428 1314 1133 1288 1157 1006 1216 1142 1267 1245 1276 1176 1135 1077 1229 1250 1312 1364 1128 1078 1195 1102 1010 1212 1345 1197 1296 1254 1184 1241 1358 1223 1169 1309 1287 1430 1203 1145 1292
1387 1178 1245 1248 1137 1190 1217 1093 1090 1242 1223 1130 1326 1272 1133 1360 971 1297 1348 1350 1167 1299 1404 1062 1133 1337 1251 1165 1208 1014 951 1234 1259 1210 1126 1255 1218 1267 1108 1262 1302 1326 1326 1085 1062 1200 1207 991 1224 1303 1267 1144 1218 1173 1188 1457 1129 1027 1358 1296 1332 1050 895 1271
1401 1327 1274 1327 1199 1345 1226 1236 1094 1268 1196 1228 1409 1452 1164 1407 998 1331 1348 1534 1222 1363 1139 1143 1229 1301 1330 1192 1255 1267 881 1276 1318 1372 1172 1285 1150 1227 1199 1216 1389 1395 1304 1029 1130 1189 1093 994 1231 1312 1401 1349 1319 1286 1286 1398 1201 1095 1330 1337 1466 1071 1196 1306
1474 1308 1355 1377 1283 1410 1292 1131 1186 1351 1320 1445 1464 1461 1288 1447 1110 1384 1432 1593 1334 1310 1453 1241 1234 1379 1254 1219 1448 1142 1042 1435 1392 1331 1160 1398 1101 1281 1101 1370 1507 1454 1407 1177 1021 1303 1249 1254 1247 1323 1258 1318 1344 1320 1350 1478 1124 1269 1468 1386 1467 1371 1084 1470
1330 1094 1161 1203 1115 1219 1109 996 1094 1127 1131 1248 1382 1220 1047 1140 909 1215 1188 1386 1075 1231 1169 1141 1086 1217 1087 1063 1271 1034 963 1184 1199 1197 1092 1196 1119 1124 954 1262 1360 1215 1216 1001 955 1085 931 939 1025 1176 1088 1164 1083 1183 1030 1279 1029 1164 1165 1091 1431 1072 914 1258
1481 1369 1352 1326 1279 1483 1291 1143 1268 1154 1232 1434 1450 1599 1340 1448 1095 1330 1329 1625 1181 1440 1353 1252 1215 1476 1338 1253 1401 1181 941 1432 1269 1395 1228 1400 1171 1217 1062 1267 1477 1470 1400 1240 1132 1309 1235 1143 1323 1256 1424 1288 1274 1387 1232 1564 1246 1115 1417 1383 1438 1300 1166 1457
1563 1385 1369 1483 1308 1373 1349 1250 1191 1485 1331 1450 1547 1452 1414 1519 1194 1569 1359 1717 1299 1369 1403 1253 1279 1484 1343 1222 1524 1239 1177 1411 1356 1678 1235 1447 1290 1296 1288 1438 1533 1552 1457 1106 1122 1294 1143 1354 1132 1452 1278 1375 1481 1490 1293 1607 1260 1450 1473 1410 1532 1303 1215 1417
1533 1490 1230 1383 1212 1400 1301 1156 1223 1273 1299 1391 1606 1462 1298 1431 1047 1429 1458 1643 1265 1344 1325 1285 1234 1490 1401 1142 1482 1269 992 1431 1428 1486 1205 1396 1126 1254 1055 1405 1470 1365 1459 1094 1202 1274 1125 1202 1237 1298 1260 1260 1398 1277 1167 1535 1170 1181 1402 1365 1508 1153 1105 1452
1489 1431 1344 1376 1349 1378 1346 1300 1264 1447 1350 1578 1478 1624 1371 1481 1292 1442 1579 1536 1380 1462 1450 1195 1259 1380 1298 1215 1415 1200 1011 1366 1365 1253 1257 1311 1256 1315 1253 1317 1430 1541 1376 1226 1169 1308 1370 1259 1394 1298 1455 1441 1530 1429 1396 1651 1285 1275 1418 1458 1457 1221 1160 1533
1373 1419 1176 1307 1217 1356 1142 1080 1137 1347 1212 1259 1408 1530 1351 1405 1020 1418 1388 1497 1338 1333 1251 1228 1244 1564 1301 1120 1242 1227 914 1313 1209 1423 1159 1430 1205 1224 1215 1290 1358 1359 1482 1096 1145 1236 1056 1018 1301 1368 1329 1197 1355 1219 1248 1437 1241 1008 1343 1349 1378 1161 1114 1233
1451 1131 1258 1214 1147 1260 1061 1083 1060 1253 1310 1228 1270 1368 1125 1329 879 1221 1293 1374 1250 1174 1306 1108 1087 1417 1222 1048 1276 1102 961 1254 1253 1246 1206 1277 960 1093 1048 1210 1227 1282 1251 1089 982 1189 1081 1015 960 1176 1192 1111 1241 1187 1098 1324 1079 1025 1226 1202 1331 1129 1042 1210
1410 1379 1315 1245 1222 1370 1278 1167 1146 1373 1293 1388 1596 1416 1370 1447 1164 1502 1321 1675 1294 1387 1438 1331 1120 1467 1269 1127 1346 1211 1083 1385 1144 1449 1157 1323 1243 1316 1169 1276 1547 1434 1398 1069 985 1163 1188 1261 1302 1318 1323 1314 1372 1498 1333 1508 1309 1395 1428 1368 1348 1288 1045 1495
1378 1386 1453 1506 1238 1523 1201 1172 1158 1492 1358 1341 1492 1555 1358 1414 1183 1501 1417 1506 1417 1510 1538 1279 1221 1618 1509 1338 1381 1229 1118 1327 1400 1522 1219 1437 1263 1348 1086 1393 1518 1532 1577 1168 1080 1255 1181 1247 1336 1442 1392 1366 1297 1272 1300 1612 1279 1284 1659 1328 1573 1350 1147 1389
1508 1292 1447 1402 1284 1421 1323 1169 1247 1394 1285 1391 1507 1570 1235 1379 1127 1406 1371 1573 1301 1374 1392 1218 1264 1381 1353 1237 1343 1153 1088 1377 1402 1422 1119 1367 1273 1299 1106 1304 1469 1484 1405 1104 1141 1225 1181 1174 1270 1432 1324 1229 1238 1271 1265 1584 1162 1263 1425 1408 1508 1192 1030 1342
1583 1507 1463 1514 1318 1527 1449 1378 1367 1488 1426 1407 1564 1729 1446 1608 1072 1562 1571 1746 1481 1517 1483 1334 1367 1622 1313 1192 1393 1378 1136 1469 1333 1437 1383 1560 1436 1362 1330 1475 1606 1543 1561 1194 1187 1418 1279 1283 1471 1484 1546 1227 1481 1522 1485 1658 1248 1201 1589 1451 1608 1361 1218 1474
1283 1316 1191 1190 1262 1358 1291 975 1073 1274 1214 1344 1420 1484 1282 1348 1087 1366 1344 1541 1160 1340 1190 1137 1222 1427 1215 1041 1306 1178 1013 1297 1173 1210 1199 1252 1063 1106 1054 1236 1360 1564 1368 1145 1074 1153 1187 1200 1372 1253 1332 1265 1299 1246 1238 1398 1097 1131 1359 1407 1366 1221 1023 1284
1272 1373 1258 1264 1284 1225 1131 1067 1164 1220 1230 1228 1347 1428 1132 1329 984 1279 1229 1427 1234 1307 1306 1215 1298 1343 1271 1119 1279 1126 931 1326 1213 1320 1172 1257 1115 1157 1129 1226 1395 1392 1277 1009 1068 1164 1053 1044 1225 1289 1236 1212 1345 1149 1090 1379 1064 1156 1261 1357 1430 1149 1108 1311
1357 1320 1301 1388 1288 1263 1192 1220 1106 1406 1304 1385 1540 1459 1222 1241 1145 1380 1454 1482 1213 1303 1299 1145 1157 1317 1425 1217 1360 1137 998 1244 1348 1440 1180 1350 1187 1199 1096 1305 1413 1397 1326 1090 1069 1172 1284 1003 1211 1445 1322 1319 1249 1311 1234 1517 1322 1209 1427 1377 1570 1213 1131 1304
1431 1340 1273 1338 1141 1469 1311 1230 1221 1414 1288 1466 1542 1527 1266 1318 1052 1409 1501 1529 1317 1309 1301 1173 1159 1426 1227 1210 1379 1263 994 1359 1329 1398 1208 1352 1290 1289 1196 1407 1448 1540 1311 1229 1087 1244 1205 1162 1328 1438 1490 1289 1342 1451 1383 1538 1277 1112 1449 1295 1459 1190 1176 1417
1141 1145 1038 1146 1126 1099 976 909 1045 1225 1086 1145 1210 1194 1135 1290 856 1183 1291 1215 1097 1101 1068 1073 889 1190 1212 1047 1091 1066 835 1135 1094 1216 890 1212 1105 1066 1012 1107 1154 1188 1115 931 1021 1079 977 1105 1174 1068 1022 1022 1287 1172 1102 1244 1101 1020 1072 1118 1161 1028 914 1234
1630 1487 1431 1447 1383 1460 1417 1341 1327 1533 1644 1551 1603 1641 1491 1678 1200 1648 1496 1805 1449 1462 1507 1230 1425 1595 1529 1327 1469 1356 1189 1669 1552 1588 1390 1511 1397 1443 1355 1375 1533 1698 1521 1256 1220 1397 1321 1382 1426 1401 1531 1441 1557 1452 1365 1653 1347 1278 1566 1625 1644 1414 1221 1588
