0 8 2 2 0 8 0 0 18 21 0 8 0 55 0 0 8 0 0 6 0 0 0 0 0 0 0 0 17 0 6 22 35 0 14 0 0 18 0 0 4 0 0 0 0 6 0 0 0 7 0 9 0 0 0 0 0 0 42 6 0 0 0 0
6 8 0 6 10 0 0 46 0 0 0 0 3 2 0 48 0 0 0 0 4 0 0 0 2 0 0 17 0 0 16 0 36 0 16 0 84 5 0 0 0 0 4 0 0 0 0 0 32 1 0 68 3 12 0 7 48 0 24 6 0 1 0 2
6 53 32 0 36 20 36 0 88 6 0 20 3 15 0 0 20 45 25 12 4 45 22 0 18 36 60 39 88 0 0 58 18 36 0 6 24 50 0 0 10 0 0 0 71 0 54 0 0 13 0 0 3 0 80 7 0 2 0 53 0 1 0 2
34 8 0 0 12 0 24 63 0 0 0 0 68 0 13 8 0 0 0 0 9 1 0 0 48 36 0 51 0 0 42 36 87 0 49 12 81 55 0 0 8 30 63 0 32 0 4 48 45 4 28 45 45 0 59 7 3 43 0 3 8 1 6 2
0 56 0 20 0 0 0 0 16 20 0 0 0 0 0 8 0 36 0 42 0 0 0 44 0 0 4 0 0 0 0 0 0 0 0 0 12 0 0 0 0 0 24 0 0 0 0 0 0 49 0 63 0 12 0 0 0 0 48 0 28 0 0 0
64 24 0 28 0 0 20 0 0 0 0 70 0 63 0 33 21 0 0 0 0 0 0 0 0 99 0 0 0 49 0 36 0 0 4 0 24 28 0 0 56 0 18 0 0 32 40 0 0 15 20 24 0 6 0 40 24 0 12 38 0 0 0 142
20 72 0 0 0 0 0 0 36 0 4 16 45 72 0 18 0 0 0 54 0 0 0 18 0 0 6 0 0 56 6 0 0 0 0 0 0 0 0 0 0 0 84 0 0 0 0 0 0 63 0 81 0 0 0 0 0 0 27 24 63 4 0 56
9 36 0 42 0 0 0 28 0 6 18 16 0 0 0 6 14 0 0 0 0 0 0 0 0 0 27 0 32 0 54 54 0 0 6 15 0 42 0 0 0 0 12 0 0 38 6 0 0 10 0 0 0 0 0 0 0 15 0 72 0 18 0 6
40 0 0 3 37 0 0 27 93 0 0 20 0 3 0 40 0 0 0 0 0 0 0 0 1 44 16 0 28 0 8 0 0 18 0 0 40 0 0 0 35 54 6 0 0 0 37 0 18 27 0 40 18 10 24 25 40 0 20 9 0 2 45 40
28 45 0 0 12 0 77 14 0 0 12 0 112 0 7 14 0 45 25 0 0 45 0 28 0 49 7 4 0 0 0 0 74 0 8 49 30 49 0 63 60 42 42 0 0 0 0 0 10 0 16 10 0 21 20 0 2 35 0 41 21 13 0 0
106 126 63 93 47 48 42 0 0 12 0 8 62 0 21 72 0 28 63 0 36 0 32 63 71 58 45 96 0 0 21 81 18 40 9 0 72 108 0 0 14 0 31 0 31 45 10 0 0 33 24 72 39 18 12 129 72 4 36 90 0 9 0 73
16 0 0 0 0 0 42 0 0 0 0 0 36 0 1 0 0 0 0 0 0 0 0 0 0 0 0 44 0 0 0 0 14 0 5 0 0 33 0 0 0 0 54 0 63 0 0 0 0 10 0 0 0 0 0 0 0 21 0 0 8 0 0 0
16 12 24 59 0 0 0 0 0 45 0 0 16 0 0 0 0 89 0 20 16 64 64 81 32 0 9 0 0 64 0 22 0 0 2 0 59 14 0 0 0 0 0 8 40 10 68 0 0 56 64 0 0 27 60 0 20 0 101 36 0 0 48 10
60 48 0 0 0 0 0 0 0 0 0 16 72 0 0 6 14 0 0 0 24 0 0 0 0 0 0 54 0 0 0 0 0 0 0 0 0 35 0 0 0 0 53 0 0 8 0 0 0 18 0 0 18 0 0 42 0 4 0 0 0 6 0 12
56 31 0 0 15 0 28 0 6 0 0 28 21 0 40 91 54 6 91 12 18 9 0 0 0 123 0 18 0 0 81 101 0 0 15 0 16 8 0 0 79 27 31 0 45 112 71 15 0 81 63 72 0 12 45 35 8 31 27 27 8 24 54 136
0 0 0 18 21 24 0 0 0 0 0 0 21 0 3 0 0 0 72 93 0 0 0 0 0 27 51 0 0 0 0 81 0 42 0 0 18 81 0 0 27 0 9 0 15 45 0 0 0 45 0 27 0 0 0 0 9 0 0 0 0 0 9 0
48 15 0 4 0 0 16 0 16 0 0 16 0 0 24 0 0 6 0 20 0 0 0 0 32 60 0 9 14 0 12 12 0 0 0 0 0 0 0 0 28 18 6 8 0 12 56 15 0 0 16 0 0 0 20 20 20 0 12 0 0 24 0 76
0 7 0 0 0 49 0 119 21 0 63 0 0 0 0 42 0 0 21 24 0 49 56 0 0 0 0 12 24 56 0 0 54 6 31 0 82 0 12 0 0 18 0 0 0 0 0 0 30 9 56 30 6 0 0 0 0 7 7 14 0 0 15 0
0 54 0 63 30 0 0 54 2 0 0 0 1 6 0 0 0 0 9 9 1 0 0 0 48 6 0 0 0 0 42 89 0 2 9 12 0 79 0 0 2 33 12 3 0 51 0 0 36 0 0 3 0 4 54 0 0 4 9 72 0 0 10 16
0 72 0 0 36 0 0 48 63 0 0 0 0 0 0 0 0 40 0 72 24 0 0 0 0 9 36 72 63 0 0 0 0 64 0 48 0 72 0 0 64 0 0 0 0 0 27 0 0 0 0 24 0 0 54 0 24 0 0 0 0 0 8 48
0 0 0 0 0 0 0 0 0 0 0 56 0 0 0 21 49 0 0 0 3 0 0 0 0 0 0 0 0 0 0 0 0 0 0 0 0 0 0 0 8 0 42 0 0 28 0 0 0 35 0 0 0 0 0 0 3 0 0 0 0 0 0 0
18 54 0 35 5 0 0 9 0 6 0 0 9 1 0 0 0 0 0 27 12 0 16 0 18 0 0 27 0 0 0 45 6 18 5 0 0 77 0 0 0 0 2 0 2 25 0 0 6 15 0 9 9 0 6 21 0 2 0 51 0 3 3 11
0 0 0 9 0 0 0 0 0 0 0 0 0 0 0 0 0 0 40 0 0 0 0 0 3 0 0 0 0 0 24 35 0 0 0 0 10 0 0 0 15 0 0 0 0 25 0 0 0 25 0 0 0 0 0 0 5 0 0 0 0 0 0 0
32 44 72 67 32 14 0 16 56 0 18 0 82 0 0 0 0 0 78 0 16 5 0 72 46 8 32 0 56 0 72 63 0 0 9 0 0 54 0 0 16 0 53 0 25 35 44 0 0 17 0 0 0 0 73 64 6 6 0 61 0 0 30 7
0 0 72 0 0 0 36 0 0 0 0 0 16 0 0 0 0 0 0 0 16 71 88 0 32 0 0 0 0 72 73 0 0 0 0 24 100 0 0 0 0 20 18 0 40 0 104 9 0 24 72 0 0 0 76 0 0 0 9 24 0 0 48 0
0 0 8 40 0 32 8 0 40 40 0 32 6 24 0 49 32 72 0 52 6 3 0 72 0 102 56 0 40 0 0 100 0 48 0 0 24 128 14 0 16 0 0 0 45 0 12 64 0 9 0 0 56 24 15 0 0 24 72 33 0 0 18 0
0 0 0 0 0 0 0 0 0 0 0 0 0 0 0 0 0 0 0 0 0 0 0 0 72 0 0 0 0 0 63 0 0 0 0 18 0 0 0 0 0 45 0 0 0 0 0 0 0 0 0 0 0 0 81 0 0 0 0 0 0 0 0 0
0 16 0 0 37 0 0 0 28 6 0 0 0 0 21 77 42 0 0 39 12 0 22 0 21 4 16 0 28 0 63 63 6 18 14 0 0 27 0 0 32 0 28 0 2 56 12 0 0 26 49 69 0 0 30 0 13 51 0 18 0 0 3 0
12 16 0 8 0 0 0 0 32 3 10 24 6 0 0 9 21 0 0 36 13 0 8 0 9 81 87 18 28 0 39 118 3 78 0 0 0 45 0 0 0 0 18 15 46 66 0 0 0 23 0 0 6 0 3 14 0 21 0 29 0 12 45 4
12 9 0 0 0 108 48 72 0 8 81 0 0 0 7 0 0 0 27 0 0 81 0 0 15 0 8 63 0 0 36 0 56 0 44 20 60 56 12 0 0 0 98 12 0 0 8 0 15 21 0 6 9 24 0 36 0 36 0 60 56 12 0 0
0 0 0 0 25 0 0 45 0 0 0 0 0 5 0 0 0 0 0 0 15 0 0 0 0 0 0 0 0 0 0 0 0 0 0 0 0 0 0 0 40 0 10 0 0 0 0 0 30 0 0 0 0 0 0 0 15 0 0 15 0 0 0 0
28 9 0 18 27 40 0 56 114 24 45 0 63 0 3 38 24 0 15 0 0 9 64 4 87 6 24 0 105 0 90 69 24 48 7 0 20 0 12 0 0 0 63 12 8 86 18 0 15 71 25 30 9 0 60 4 0 19 0 106 0 12 0 0
0 0 4 0 0 16 12 56 20 12 0 37 21 40 0 27 34 0 40 0 24 0 0 0 0 21 0 16 20 0 27 67 92 0 75 0 96 36 0 0 87 0 0 0 0 49 0 0 40 25 12 58 0 0 0 0 29 0 24 26 0 0 0 71
0 0 0 40 0 0 1 0 0 40 0 0 14 12 0 0 0 72 0 0 14 7 0 72 0 6 8 0 0 0 0 0 0 0 0 0 24 7 0 0 0 0 0 9 35 0 28 8 0 21 0 0 7 24 35 18 15 3 72 21 0 0 57 0
0 64 0 0 21 0 0 0 0 15 0 0 0 35 21 14 32 0 0 66 0 0 0 0 0 0 0 36 0 0 0 63 25 4 24 20 0 18 0 0 0 0 28 28 0 0 0 8 0 56 49 78 0 0 0 0 4 42 30 0 0 0 2 0
0 0 0 0 0 0 28 0 0 0 0 0 12 0 0 8 0 0 0 0 21 6 0 0 0 0 0 0 0 0 35 72 0 0 0 0 8 68 0 0 0 0 19 27 30 54 24 7 0 20 0 8 0 2 30 0 8 40 4 18 0 0 117 0
60 0 0 0 24 0 0 0 4 0 0 20 20 0 24 25 6 0 18 15 0 0 0 0 80 52 0 0 0 0 58 72 0 0 16 14 0 0 0 0 39 41 44 6 0 8 52 0 0 0 56 6 0 8 78 25 15 48 27 0 0 0 0 54
54 72 0 24 28 32 0 0 0 0 18 0 55 0 4 0 0 0 0 0 36 0 6 0 3 0 63 81 0 0 27 0 0 0 0 0 0 45 0 0 0 0 12 0 0 0 0 0 0 9 0 0 27 0 0 63 1 7 0 36 0 27 0 18
58 54 27 0 0 25 0 0 0 12 0 20 0 0 55 0 0 12 48 18 12 45 6 0 0 40 0 81 0 0 54 42 0 0 35 36 61 56 0 0 85 36 82 0 0 30 64 30 0 51 0 27 0 0 0 45 18 37 0 0 56 48 0 88
28 0 42 0 0 0 0 63 7 49 0 0 0 0 49 0 56 14 0 35 0 7 8 0 56 0 14 63 0 8 0 7 0 2 0 35 18 0 7 0 0 6 0 63 0 42 63 14 0 59 8 0 2 0 35 0 42 0 22 0 0 0 5 14
36 0 60 0 0 24 30 0 62 0 0 88 83 18 0 38 80 0 72 0 0 0 0 68 30 12 5 0 30 0 18 48 35 0 0 0 0 54 0 0 16 6 144 0 0 32 0 0 0 40 0 0 0 23 0 48 0 0 39 33 49 0 0 14
48 27 0 18 36 0 7 18 114 0 36 24 42 0 7 14 0 15 0 0 0 0 0 0 45 104 0 27 63 0 54 54 7 30 0 67 81 49 36 0 96 78 0 36 0 54 30 56 45 81 48 18 88 0 0 30 6 21 0 54 0 54 30 66
23 16 0 2 0 0 0 0 44 6 0 4 3 0 0 58 0 0 0 6 4 0 0 18 0 8 0 9 7 0 33 6 0 0 0 15 40 5 0 0 7 0 54 0 0 6 11 0 0 8 0 49 3 10 0 12 40 15 47 0 63 1 0 10
0 54 55 54 76 36 28 92 5 30 48 4 28 3 4 0 4 102 0 0 0 0 0 54 56 0 42 54 69 0 84 17 0 36 0 50 66 9 0 0 74 35 26 0 0 0 0 7 0 72 64 0 0 18 63 0 8 0 54 3 0 24 0 54
0 0 0 0 0 45 16 0 10 12 6 0 5 28 0 35 18 0 45 0 0 81 0 0 0 58 9 0 0 0 36 0 20 0 8 0 53 0 0 0 10 15 63 0 0 24 0 0 0 0 16 26 0 22 0 36 8 0 73 12 0 6 0 55
0 49 0 0 0 0 0 0 0 0 0 0 0 0 64 0 0 25 5 0 0 58 56 0 0 0 0 24 0 56 0 0 0 0 0 0 28 0 0 0 0 48 16 0 0 0 0 40 0 0 56 0 0 0 4 0 0 0 7 4 0 64 0 64
0 0 0 27 32 0 0 0 56 0 0 0 0 0 0 0 0 0 0 0 0 0 0 0 9 8 32 0 56 0 72 0 0 0 0 0 0 0 0 0 0 0 0 0 0 0 24 0 0 0 0 0 0 0 48 0 0 0 0 0 0 0 0 0
12 3 45 30 9 21 18 24 0 38 27 10 0 45 9 6 0 54 54 0 0 0 0 99 25 0 6 5 0 35 66 27 2 0 9 20 18 0 0 0 0 0 18 0 9 0 8 3 0 0 21 0 0 18 0 40 0 41 54 16 0 0 0 35
32 0 3 0 27 12 30 0 24 0 0 12 6 9 0 0 12 0 0 40 6 0 0 24 64 30 0 0 15 0 0 24 0 0 0 0 0 69 0 54 58 0 0 16 0 0 72 0 0 0 0 0 0 0 40 0 46 30 24 9 18 15 0 0
0 0 0 0 0 45 28 0 20 0 0 64 0 12 8 62 56 0 0 16 0 81 30 10 15 0 0 72 0 0 35 0 0 0 40 0 45 64 8 0 0 0 195 9 0 32 0 7 0 40 0 0 0 0 0 54 20 43 15 0 99 0 15 0
0 0 0 6 7 8 0 0 28 0 0 18 7 81 1 38 0 0 0 0 0 0 0 14 0 0 9 0 0 63 0 0 0 0 0 0 24 0 0 0 0 0 45 0 0 0 0 0 0 0 0 24 0 6 0 0 24 0 33 18 49 0 0 63
0 20 0 0 3 68 43 32 1 0 36 12 12 0 0 0 0 0 12 12 0 135 72 0 0 42 0 0 0 72 45 0 0 0 24 0 84 49 0 0 0 0 74 0 0 0 0 65 0 14 72 18 49 0 0 32 0 25 9 16 0 1 0 32
0 0 0 30 24 0 0 63 32 49 24 0 4 28 49 0 0 0 36 20 0 0 0 0 8 69 54 0 21 0 82 48 0 40 0 0 38 0 7 0 44 12 0 21 25 60 0 0 0 0 32 0 0 16 0 42 39 0 36 0 0 12 35 28
0 6 0 26 25 42 8 93 64 10 54 0 0 5 0 9 6 18 18 0 12 0 0 18 0 14 2 0 56 0 57 48 0 0 6 0 6 0 0 0 32 0 10 0 0 56 0 0 30 0 8 6 0 6 0 0 12 6 18 27 0 0 0 10
0 2 0 4 0 0 0 8 16 0 0 0 10 0 0 0 0 0 0 0 13 5 0 2 0 0 0 0 14 0 12 39 0 0 0 0 0 21 0 0 0 0 5 9 25 30 20 0 0 16 9 0 0 0 25 0 0 12 0 18 0 0 57 0
66 38 0 28 0 0 40 56 0 30 0 28 8 60 0 28 0 0 0 34 6 0 0 46 0 88 0 0 0 14 54 57 30 4 16 30 0 102 8 72 106 0 35 0 0 20 42 0 0 7 63 6 0 0 0 30 6 70 36 49 24 8 2 66
9 0 6 0 16 0 36 0 28 6 0 0 12 0 2 4 0 2 0 0 0 0 0 0 0 44 16 25 28 0 27 1 12 0 0 29 0 42 0 0 0 12 0 0 45 0 18 48 0 8 0 0 42 0 24 0 0 33 0 0 0 0 0 2
0 0 81 14 0 0 19 0 56 0 0 0 0 0 0 54 36 0 153 0 0 0 0 81 45 63 0 0 49 0 123 105 0 0 0 0 18 49 0 0 27 0 0 0 0 135 0 56 0 45 12 36 49 0 0 72 9 21 0 0 0 0 0 15
18 24 0 36 42 48 0 0 8 0 0 0 51 0 6 4 0 0 0 54 12 0 24 4 12 0 54 27 0 0 0 0 0 12 0 0 0 69 0 0 0 0 30 0 0 0 0 0 0 3 0 18 9 0 0 21 4 28 6 0 14 3 6 6
0 0 0 0 0 0 22 21 0 0 0 0 0 0 0 0 0 0 0 0 0 63 72 0 0 7 0 15 24 72 0 0 6 0 0 0 36 0 0 0 0 0 0 0 27 0 0 0 0 0 76 0 0 0 0 0 0 0 9 0 0 0 0 5
0 0 0 0 0 0 0 0 0 0 0 0 0 0 6 0 0 0 0 54 0 0 0 0 0 0 0 54 0 0 0 0 0 12 30 0 0 102 0 0 0 0 30 0 0 0 0 0 0 0 0 18 0 0 0 0 0 6 0 0 48 0 6 0
0 0 0 0 48 0 0 49 49 0 48 0 0 0 0 0 40 0 0 0 0 0 30 0 63 0 0 45 56 0 42 0 0 14 0 37 48 0 0 0 72 72 0 35 0 0 0 10 0 21 64 0 14 0 54 0 18 35 0 0 0 24 35 0
0 6 0 7 69 5 68 27 0 0 56 0 0 3 0 0 0 0 0 0 0 9 0 0 45 56 3 0 0 0 48 9 0 0 1 0 104 7 36 0 81 0 31 36 0 5 0 9 63 63 104 18 27 0 0 4 9 0 0 73 0 65 0 41
12 64 2 56 15 8 0 49 10 0 0 42 6 87 15 16 22 0 56 36 16 0 0 0 0 0 0 32 10 63 0 246 63 8 46 0 77 176 0 0 25 0 32 24 0 131 0 0 35 47 35 47 6 0 0 14 7 62 0 72 0 2 76 75
