1213 1497 1132 1273 1132 1202 1498 1080 1329 1261 1319 1183 1315 1056 1377 1238 1330 1199 1426 1445 1269 1238 1069 1478 1283 1129 1234 1170 1285 1110 1156 1327 1148 1611 1230 1391 1400 1180 1291 1342 1131 973 1484 1185 1264 1207 1143 1129 1342 1391 1356 1249 1265 1212 1296 1370 1253 1095 1163 1136 1102 1290 1469 1224
1180 1567 1087 1335 1260 1214 1344 1260 1335 1425 1489 1303 1287 1122 1316 1250 1224 1286 1415 1419 1169 1162 1045 1450 1445 1277 1212 1366 1448 1004 1159 1439 1211 1596 1281 1518 1489 1225 1211 1405 1166 1073 1413 1340 1195 1277 1251 1288 1326 1389 1546 1289 1321 1294 1351 1528 1297 1077 1185 1110 1075 1303 1399 1192
1095 1250 929 1031 1014 1056 1139 1011 1111 1143 1169 1232 1131 939 1237 1069 1139 1124 1282 1288 983 1077 940 1281 1258 1109 1074 1143 1131 1053 983 1291 1149 1353 1070 1307 1237 1034 1058 1136 1053 873 1333 1077 1164 1164 1045 1146 1230 1277 1226 1109 1158 1095 1140 1368 1272 899 1025 1052 908 1130 1177 1044
1258 1445 1131 1099 1186 1111 1308 1115 1261 1244 1218 1426 1286 999 1363 1244 1312 1401 1484 1322 1082 1275 970 1527 1335 1178 1319 1253 1219 1097 1169 1397 1316 1438 1257 1467 1479 1175 1298 1249 1128 1044 1624 1295 1210 1431 1279 1205 1449 1439 1350 1400 1317 1341 1234 1405 1376 1175 1114 1161 1263 1225 1367 1156
1181 1524 1135 1331 1290 1438 1449 1221 1392 1340 1399 1323 1302 1021 1415 1226 1333 1342 1468 1422 1340 1298 1126 1421 1422 1126 1301 1334 1342 1124 1346 1413 1343 1586 1253 1468 1542 1203 1320 1408 1313 921 1427 1261 1294 1374 1390 1142 1462 1423 1459 1234 1312 1434 1250 1619 1273 1127 1253 1103 1195 1346 1491 1239
1083 1373 976 1186 1149 1195 1399 1152 1337 1193 1174 1217 1223 1010 1250 1162 1155 1253 1502 1298 1075 1082 887 1496 1208 1233 1055 1185 1338 1094 1157 1299 1108 1335 1205 1399 1481 1082 1235 1269 1191 939 1286 1190 1174 1110 902 1144 1263 1321 1367 1147 1281 1105 1199 1338 1157 1022 1148 961 1079 1288 1304 1068
1336 1570 1211 1309 1271 1165 1547 1314 1279 1312 1289 1348 1344 1116 1428 1355 1250 1394 1533 1440 1230 1275 1108 1562 1427 1258 1199 1306 1351 1108 1194 1418 1219 1565 1244 1483 1536 1240 1262 1315 1259 1032 1588 1282 1127 1349 1181 1273 1458 1438 1448 1381 1284 1299 1400 1560 1449 1161 1162 1238 1227 1251 1582 1246
1200 1658 1285 1256 1355 1308 1454 1297 1392 1256 1503 1427 1409 1244 1331 1273 1382 1461 1568 1374 1273 1325 1072 1614 1446 1311 1379 1355 1424 1233 1405 1466 1380 1596 1306 1633 1626 1306 1429 1534 1325 1163 1609 1348 1341 1373 1390 1251 1512 1521 1502 1462 1424 1417 1348 1553 1448 1245 1230 1246 1218 1442 1502 1350
1177 1200 974 997 1059 1051 1255 1155 1082 1214 1050 1227 1138 1055 1233 1136 1132 1285 1240 1249 1127 1156 864 1431 1243 1023 1033 1101 1193 967 1181 1324 1116 1205 1040 1314 1324 1028 1066 1207 1216 855 1353 1099 1031 1025 969 1136 1296 1223 1285 1117 984 1090 1090 1294 1243 987 982 934 937 966 1210 1208
1093 1480 1090 1304 1248 1158 1448 1290 1342 1387 1408 1410 1338 1006 1403 1368 1319 1422 1646 1458 1063 1203 1218 1525 1460 1247 1234 1279 1396 1212 1258 1479 1457 1492 1269 1549 1478 1208 1349 1400 1229 1055 1538 1262 1228 1287 1225 1238 1411 1544 1542 1393 1325 1387 1332 1559 1403 1248 1305 1188 1219 1361 1468 1250
1167 1668 1147 1285 1343 1215 1444 1403 1324 1431 1504 1354 1369 1264 1395 1269 1406 1428 1574 1470 1248 1289 1077 1651 1390 1337 1265 1329 1433 1247 1305 1542 1392 1469 1271 1498 1466 1351 1423 1497 1245 1160 1539 1301 1304 1370 1262 1243 1411 1492 1529 1370 1425 1254 1378 1492 1379 1257 1318 1214 1279 1409 1527 1208
1108 1527 1094 1278 1218 1344 1424 1271 1481 1345 1362 1343 1351 1150 1341 1333 1375 1522 1633 1508 1403 1366 1066 1733 1523 1339 1273 1464 1384 1177 1276 1422 1338 1470 1288 1557 1673 1204 1309 1462 1164 951 1636 1304 1351 1171 1236 1329 1600 1509 1507 1322 1436 1292 1333 1641 1442 1203 1293 1279 1152 1301 1547 1479
1361 1560 1163 1254 1336 1406 1510 1327 1363 1505 1428 1409 1422 1253 1461 1361 1416 1459 1573 1503 1278 1357 1008 1627 1462 1497 1292 1407 1521 1311 1333 1588 1383 1548 1337 1604 1571 1414 1488 1483 1359 1122 1759 1315 1338 1250 1450 1391 1557 1674 1455 1367 1472 1415 1482 1520 1538 1216 1248 1223 1284 1382 1585 1286
1038 1325 1019 1027 980 1171 1172 983 1042 1173 1018 1046 1182 923 1084 941 1140 1152 1225 1142 933 1217 856 1251 1209 1066 888 1091 1121 874 1109 1165 1090 1294 1078 1244 1249 972 1212 1120 1151 926 1280 1044 1153 1072 1041 935 1176 1150 1149 1182 1126 1107 1114 1247 1053 993 881 935 928 1079 1217 1046
983 1293 953 1034 1141 1091 1146 1008 1163 1072 1103 1153 1132 930 1135 1095 1125 1194 1146 1147 1064 1049 921 1298 1216 969 1038 1123 1009 1003 971 1211 1177 1179 1027 1261 1309 996 1054 1113 1127 846 1351 1192 967 1071 1206 973 1329 1236 1201 1035 1136 1172 1073 1430 1141 944 937 980 992 1110 1271 1119
1085 1427 1007 1135 1255 1115 1308 1312 1284 1197 1311 1207 1226 964 1259 1323 1327 1353 1486 1344 1118 1122 1053 1582 1410 1162 1152 1213 1271 1129 1152 1410 1337 1444 1266 1456 1437 1173 1305 1438 1120 1052 1471 1229 1184 1231 1165 1143 1343 1459 1485 1220 1249 1234 1353 1506 1270 1027 1144 1086 1179 1288 1508 1149
1173 1494 1076 1328 1218 1280 1374 1270 1230 1306 1364 1315 1519 1171 1352 1209 1382 1369 1421 1376 1244 1231 1031 1396 1290 1295 1194 1270 1331 1237 1247 1329 1277 1570 1260 1483 1440 1218 1264 1181 1282 1064 1578 1423 1303 1179 1208 1206 1445 1468 1386 1333 1328 1140 1362 1459 1211 1163 1297 1259 1165 1338 1355 1254
1187 1669 1275 1324 1361 1279 1530 1269 1490 1413 1497 1337 1450 1068 1382 1438 1422 1492 1750 1538 1306 1400 1164 1683 1443 1235 1377 1439 1474 1194 1204 1455 1298 1628 1336 1545 1722 1288 1275 1554 1262 1236 1688 1407 1422 1557 1390 1384 1531 1579 1544 1430 1422 1311 1472 1544 1428 1313 1351 1324 1366 1445 1524 1413
1022 1299 945 986 1018 1026 1204 993 1137 1153 1178 1040 1209 937 1154 1087 1091 1067 1292 1240 915 958 889 1224 1176 1174 1078 1128 1214 932 951 1204 1046 1345 1070 1191 1195 961 1096 1173 1053 1010 1296 977 980 1163 916 1063 1199 1298 1213 1085 986 954 1092 1256 1034 951 1076 1103 868 1032 1177 1061
1220 1679 1237 1369 1340 1338 1513 1335 1357 1422 1483 1441 1373 1165 1459 1278 1499 1291 1630 1535 1283 1272 1106 1512 1509 1389 1219 1454 1544 1151 1280 1448 1384 1659 1370 1524 1519 1252 1378 1407 1274 1184 1566 1390 1337 1341 1294 1288 1383 1448 1586 1385 1462 1253 1364 1603 1427 1306 1420 1246 1172 1366 1525 1283
1232 1437 1079 1117 1258 1251 1420 1216 1333 1288 1202 1309 1325 1110 1373 1189 1335 1416 1492 1449 1127 1176 967 1508 1278 1134 1151 1257 1319 1222 1203 1442 1290 1443 1261 1546 1452 1167 1249 1249 1346 1048 1625 1270 1272 1248 1125 1254 1418 1411 1525 1344 1091 1140 1300 1379 1367 1051 1248 1127 1190 1222 1394 1255
981 1384 1024 1038 1100 1228 1339 1116 1230 1242 1258 1183 1245 1032 1226 1138 1202 1282 1296 1287 1229 1215 935 1383 1247 1159 1146 1210 1213 1100 1124 1366 1194 1401 1069 1369 1385 1041 1238 1171 1203 846 1444 1161 1058 1156 1194 1145 1295 1305 1219 1093 1141 1233 1199 1290 1171 1012 1106 976 1144 1237 1364 1202
1073 1453 1087 1243 1179 1122 1438 1153 1261 1280 1323 1128 1220 1055 1247 1181 1254 1233 1317 1298 1187 1190 1007 1379 1268 1114 1141 1242 1318 988 1020 1417 1244 1489 1128 1412 1270 1104 1318 1290 1164 901 1421 1230 1202 1234 1162 1249 1176 1264 1255 1250 1307 1205 1136 1474 1264 1222 1254 1170 1059 1135 1277 1167
914 1279 903 1174 1083 1151 1229 1115 1181 1177 1212 1244 1094 1033 1203 1059 1126 1265 1227 1192 1219 1073 903 1385 1191 1034 1065 1065 1177 1040 1151 1270 1179 1373 947 1252 1344 989 1055 1109 983 825 1299 1266 1153 1005 1036 1081 1235 1187 1245 1096 1216 1139 1078 1363 1142 989 1168 1027 913 1238 1154 1104
1380 1678 1196 1462 1459 1414 1632 1488 1517 1445 1412 1446 1467 1313 1520 1371 1546 1595 1613 1618 1365 1327 1104 1664 1445 1384 1374 1331 1561 1328 1338 1673 1486 1699 1472 1653 1625 1340 1446 1571 1446 1109 1715 1509 1416 1347 1324 1372 1508 1601 1619 1452 1467 1433 1436 1650 1495 1218 1463 1310 1329 1391 1618 1419
1109 1508 1075 1056 1292 1090 1270 1109 1275 1239 1238 1331 1190 1058 1219 1097 1299 1259 1528 1328 1121 1081 988 1311 1294 1151 1011 1124 1254 1134 1167 1326 1266 1403 1113 1463 1341 1022 1142 1265 1231 934 1363 1201 1155 1252 1144 1072 1277 1475 1460 1135 1184 1120 1249 1465 1213 1028 1254 1076 1090 1214 1287 1149
1305 1617 1132 1229 1212 1209 1494 1270 1345 1337 1446 1415 1482 1179 1417 1273 1180 1464 1515 1484 1379 1370 1050 1647 1412 1330 1265 1343 1359 1292 1215 1585 1307 1614 1312 1481 1601 1280 1326 1422 1223 1047 1687 1350 1209 1393 1292 1431 1527 1495 1493 1358 1340 1317 1432 1533 1388 1124 1240 1165 1171 1388 1486 1312
1090 1524 1038 1112 1166 1090 1362 1237 1431 1349 1332 1439 1276 1176 1328 1166 1293 1454 1443 1399 1206 1252 1166 1580 1473 1162 1243 1382 1207 1167 1204 1451 1428 1492 1190 1416 1448 1144 1261 1318 1074 1115 1581 1241 1179 1344 1285 1194 1515 1473 1463 1316 1271 1356 1254 1480 1250 1092 1227 1185 1130 1261 1418 1230
972 1294 1010 1198 1153 1155 1349 1034 1221 1240 1233 1242 1181 1010 1250 1162 1218 1317 1489 1237 1179 1238 1011 1418 1282 1140 1291 1364 1274 1119 1112 1186 1276 1426 1121 1397 1402 1138 1135 1210 1020 952 1448 1149 1226 1234 1277 1123 1385 1301 1217 1244 1232 1176 1094 1407 1282 1135 1186 1100 1188 1176 1323 1232
1011 1313 934 1183 994 1075 1225 986 1164 1118 1181 1110 1128 1047 1110 1123 1302 1251 1238 1108 949 1134 945 1396 1313 1095 1020 1110 1039 975 1089 1201 1273 1439 939 1265 1229 1074 1096 1117 1103 968 1501 1089 1144 1101 1097 1001 1290 1199 1242 1134 1116 1159 1155 1266 1248 933 944 1058 1005 1131 1361 1086
1019 1324 1088 1133 1053 1106 1352 991 1146 1053 1175 1118 1099 970 1094 1064 1036 1127 1344 1125 1068 1025 850 1388 1120 1056 1044 1176 1163 1004 987 1103 1035 1368 1041 1303 1293 1027 1076 1035 1051 900 1387 1090 1046 1021 993 1134 1194 1167 1199 1146 1088 992 1044 1250 1198 1070 1079 1064 862 1132 1242 1103
1261 1534 1163 1236 1228 1354 1499 1334 1432 1245 1436 1235 1311 1118 1466 1257 1368 1385 1619 1487 1383 1281 1072 1763 1459 1141 1198 1346 1402 1296 1251 1456 1309 1547 1356 1497 1522 1221 1243 1452 1304 959 1669 1329 1466 1309 1232 1316 1466 1501 1563 1271 1321 1124 1371 1583 1426 1145 1337 1225 1197 1302 1453 1457
1044 1430 893 1260 1129 1053 1338 1158 1317 1222 1271 1370 1207 1050 1262 1215 1194 1353 1585 1386 1178 1103 971 1514 1294 1199 1273 1223 1238 1119 1103 1343 1343 1306 1241 1310 1454 1192 1150 1362 1133 1016 1540 1120 1181 1229 1190 1225 1345 1380 1352 1146 1296 1188 1211 1392 1256 1035 1346 1151 1096 1241 1464 1180
1289 1541 1130 1255 1295 1325 1459 1257 1430 1410 1397 1306 1415 1141 1360 1438 1442 1409 1516 1454 1156 1327 1040 1578 1350 1404 1178 1309 1446 1196 1166 1597 1327 1528 1216 1586 1571 1261 1519 1425 1345 1064 1562 1292 1260 1350 1330 1232 1528 1479 1392 1288 1416 1407 1451 1589 1494 1228 1201 1240 1256 1297 1473 1313
1128 1398 1160 1332 1246 1143 1407 1104 1213 1309 1243 1270 1363 1052 1201 1260 1271 1251 1425 1321 1124 1246 1075 1364 1271 1152 1275 1152 1284 1083 1249 1239 1299 1610 1192 1444 1389 1172 1177 1269 1150 964 1438 1234 1233 1328 1200 1147 1317 1369 1362 1175 1175 1148 1138 1366 1238 1149 1165 1332 1172 1217 1307 1062
1057 1422 1069 1150 1190 1161 1438 1107 1380 1151 1299 1134 1174 909 1284 1340 1290 1094 1529 1261 1123 1086 922 1455 1230 1118 1074 1174 1325 1024 915 1306 1122 1433 1210 1289 1414 1117 1123 1313 1116 1065 1520 1258 1160 1199 1110 1139 1278 1372 1311 1138 1309 1085 1188 1342 1191 1156 1268 1081 1147 1175 1409 1206
1332 1625 1219 1227 1276 1306 1583 1309 1365 1305 1426 1451 1347 1148 1511 1242 1318 1281 1672 1457 1305 1289 1142 1553 1412 1208 1221 1365 1404 1235 1222 1523 1362 1721 1391 1459 1527 1274 1361 1433 1317 1117 1585 1295 1218 1395 1208 1351 1525 1485 1593 1345 1326 1293 1325 1537 1373 1199 1365 1141 1118 1291 1521 1285
1256 1580 1169 1264 1284 1240 1412 1252 1339 1311 1351 1432 1337 1085 1333 1216 1380 1354 1444 1350 1185 1179 1030 1582 1436 1195 1233 1316 1254 1146 1255 1434 1284 1523 1307 1561 1507 1323 1405 1284 1215 1050 1596 1439 1358 1311 1311 1199 1406 1453 1429 1366 1406 1361 1479 1521 1406 1120 1149 1186 1160 1379 1418 1173
1258 1595 1231 1225 1232 1155 1428 1177 1375 1279 1313 1342 1238 1247 1357 1120 1227 1396 1416 1450 1316 1320 963 1563 1339 1312 1201 1398 1334 1069 1239 1412 1273 1561 1265 1490 1514 1226 1326 1325 1181 912 1494 1250 1160 1257 1078 1231 1380 1230 1482 1370 1210 1250 1189 1389 1177 1210 1214 976 1018 1291 1511 1281
1237 1541 1093 1384 1206 1383 1325 1096 1334 1372 1548 1327 1326 1261 1391 1176 1316 1376 1472 1341 1317 1345 1027 1460 1437 1220 1256 1287 1363 1196 1304 1358 1300 1504 1247 1492 1511 1226 1177 1413 1227 1086 1527 1427 1314 1251 1378 1185 1505 1475 1602 1325 1388 1238 1228 1363 1392 1222 1182 1106 1254 1349 1410 1443
1254 1616 1162 1353 1336 1251 1507 1343 1345 1482 1531 1526 1424 1195 1419 1227 1301 1502 1684 1501 1303 1430 1064 1544 1480 1386 1183 1357 1300 1291 1466 1472 1462 1544 1386 1548 1671 1319 1399 1460 1302 1112 1553 1326 1312 1305 1328 1206 1622 1570 1473 1375 1568 1417 1342 1748 1362 1234 1269 1258 1202 1505 1553 1352
1146 1436 1079 1092 1142 1120 1262 1212 1178 1114 1168 1194 1158 1032 1219 1040 1217 1383 1418 1287 1027 1062 931 1476 1270 1052 1062 1278 1280 1098 1170 1262 1123 1282 1232 1406 1404 1120 1188 1284 1153 1047 1374 1159 1249 1194 1117 1134 1264 1352 1411 1383 1208 1139 1205 1413 1307 1145 1084 1107 1063 1179 1399 1157
1239 1464 1171 1209 1198 1332 1349 1052 1293 1376 1317 1344 1403 1123 1351 1229 1299 1269 1382 1367 1272 1321 1088 1516 1454 1333 1331 1448 1323 1122 1204 1407 1246 1580 1191 1610 1502 1321 1326 1349 1182 1079 1540 1313 1327 1321 1325 1141 1429 1486 1322 1377 1361 1327 1289 1485 1308 1138 1083 1102 1239 1356 1410 1200
1325 1781 1315 1539 1477 1346 1701 1440 1454 1574 1566 1501 1452 1254 1527 1390 1495 1387 1692 1555 1390 1568 1306 1723 1647 1341 1262 1413 1399 1216 1357 1416 1446 1836 1452 1636 1672 1387 1394 1568 1320 1280 1676 1523 1377 1435 1330 1343 1598 1622 1723 1471 1579 1359 1381 1711 1468 1410 1405 1298 1250 1456 1664 1475
1289 1488 1152 1204 1291 1349 1383 1250 1442 1276 1276 1437 1282 1058 1439 1332 1322 1471 1654 1459 1220 1288 1024 1464 1449 1192 1331 1361 1400 1205 1200 1341 1266 1378 1371 1515 1639 1194 1189 1335 1231 1014 1552 1332 1404 1320 1293 1243 1510 1528 1532 1413 1283 1301 1358 1490 1333 1161 1274 1202 1217 1334 1424 1383
866 1462 858 1214 1111 1116 1317 1100 1184 1249 1162 1210 1242 1028 1026 1144 1139 1274 1314 1257 1029 1043 849 1325 1305 1195 1145 1047 1296 970 1087 1243 1254 1428 1089 1322 1367 1141 1257 1312 1121 949 1344 1159 1104 1178 1163 1125 1276 1334 1277 1115 1115 1234 1115 1266 1202 947 1171 1132 990 1030 1352 1038
1072 1324 1013 1264 1136 1255 1193 985 1250 1181 1241 1288 1211 944 1227 1170 1247 1263 1415 1218 1074 1188 969 1393 1242 1149 1262 1202 1238 1116 1096 1206 1163 1389 1166 1301 1500 1150 1087 1185 1062 1079 1408 1180 1165 1151 1267 974 1416 1335 1313 1266 1278 1195 1105 1295 1225 1074 1047 1034 1137 1236 1399 1226
1219 1504 1159 1212 1182 1255 1395 1319 1323 1298 1243 1324 1319 1065 1342 1268 1265 1322 1338 1437 1316 1180 1012 1540 1382 1179 1125 1273 1309 1087 1131 1494 1266 1603 1319 1448 1444 1144 1234 1385 1213 992 1613 1409 1199 1319 1148 1294 1344 1403 1341 1273 1195 1254 1304 1416 1342 1124 1294 1099 1133 1162 1414 1321
1205 1394 946 1125 1126 1155 1238 1111 1312 1175 1268 1314 1179 1017 1275 1068 1229 1308 1458 1364 1089 1181 917 1353 1261 1085 1158 1309 1262 1043 1069 1387 1234 1460 1254 1368 1453 1075 1167 1229 1280 1071 1379 1202 1108 1240 1203 1139 1323 1308 1427 1229 1139 1214 1120 1354 1146 1000 1265 1012 1191 1210 1394 1138
1319 1572 1225 1162 1193 1304 1464 1163 1310 1358 1396 1508 1257 1164 1396 1162 1384 1272 1486 1317 1360 1346 1093 1487 1437 1293 1258 1351 1166 1233 1237 1362 1286 1512 1204 1443 1480 1241 1299 1298 1218 1046 1666 1190 1226 1339 1283 1220 1537 1515 1385 1355 1403 1261 1288 1515 1330 1229 1242 1085 1154 1346 1465 1395
1154 1473 1213 1243 1179 1198 1400 1185 1279 1220 1371 1274 1267 1068 1270 1161 1216 1198 1509 1253 1316 1259 1080 1499 1397 1208 1145 1370 1288 1054 1181 1296 1152 1418 1289 1441 1532 1110 1225 1308 1088 1012 1469 1320 1226 1221 1152 1228 1360 1351 1409 1202 1410 1084 1273 1495 1284 1195 1173 1177 1018 1255 1300 1332
1159 1431 997 1154 1015 1155 1271 1120 1265 1189 1369 1351 1235 1076 1276 1186 1260 1360 1516 1308 1250 1213 1047 1403 1372 1332 1240 1387 1312 1110 1150 1447 1296 1631 1181 1520 1470 1188 1307 1365 1138 1031 1527 1149 1259 1339 1159 1166 1397 1470 1301 1290 1302 1326 1325 1414 1292 958 1267 1103 1245 1339 1460 1111
1135 1427 1047 1213 1092 1183 1334 1078 1191 1266 1168 1201 1317 1120 1311 1122 1210 1249 1320 1370 1157 1147 1002 1480 1268 1194 1066 1325 1277 1083 1014 1322 1201 1347 1153 1333 1376 1166 1223 1289 1227 1014 1347 1272 1182 1231 1100 1130 1306 1243 1342 1214 1299 1176 1160 1352 1225 1170 1090 1058 968 1123 1347 1141
1038 1417 1049 1171 1206 1072 1313 1121 1082 1297 1234 1152 1165 1002 1221 1097 1237 1288 1290 1226 1092 1111 983 1334 1212 1066 1086 1081 1179 996 1154 1293 1193 1415 1058 1372 1248 1121 1197 1186 1235 979 1415 1068 1146 1214 1138 1003 1224 1298 1177 1122 1099 1154 1203 1278 1056 1023 1069 953 1006 1135 1354 1059
1227 1549 1155 1309 1247 1359 1454 1317 1410 1411 1366 1321 1287 1084 1395 1178 1416 1458 1471 1365 1278 1276 1136 1586 1334 1213 1212 1317 1281 1128 1276 1449 1362 1486 1229 1492 1485 1164 1433 1336 1375 988 1571 1291 1242 1350 1265 1073 1498 1456 1478 1381 1393 1407 1367 1558 1286 1162 1298 1157 1211 1383 1451 1210
1263 1394 1143 1134 1246 1202 1422 1318 1309 1332 1369 1488 1174 1125 1307 1256 1350 1291 1618 1394 1230 1216 1073 1481 1453 1198 1140 1424 1195 1084 1279 1426 1368 1423 1368 1400 1452 1178 1348 1437 1239 1048 1577 1265 1250 1288 1209 1147 1409 1437 1449 1371 1413 1297 1258 1597 1438 1195 1271 1159 1107 1307 1542 1228
1292 1772 1215 1450 1259 1391 1574 1322 1400 1547 1407 1436 1433 1243 1390 1304 1335 1482 1601 1467 1346 1354 1142 1582 1544 1320 1286 1410 1439 1119 1246 1502 1355 1651 1332 1617 1648 1442 1475 1517 1385 1100 1631 1318 1412 1485 1278 1348 1602 1442 1522 1489 1444 1429 1406 1599 1479 1237 1287 1201 1246 1266 1610 1304
1352 1587 1109 1404 1378 1156 1574 1324 1403 1419 1369 1437 1411 1187 1402 1383 1387 1394 1686 1395 1185 1365 1146 1454 1473 1266 1266 1207 1286 1103 1317 1375 1426 1636 1451 1544 1532 1263 1313 1439 1293 1047 1670 1431 1313 1379 1295 1158 1521 1601 1490 1277 1405 1306 1366 1673 1368 1199 1382 1418 1340 1291 1445 1312
1322 1415 1048 1121 1108 1188 1326 1206 1273 1159 1233 1328 1418 1195 1425 1204 1259 1304 1422 1465 1187 1267 1035 1379 1320 1253 1251 1342 1228 1171 1220 1364 1273 1446 1317 1484 1466 1248 1225 1338 1204 994 1458 1211 1193 1273 1231 1164 1480 1357 1398 1374 1202 1334 1268 1415 1269 1059 1120 980 1232 1277 1470 1268
1244 1628 1175 1466 1301 1349 1633 1377 1362 1381 1519 1351 1434 1256 1433 1364 1460 1327 1584 1433 1284 1338 1211 1659 1566 1289 1338 1385 1421 1206 1418 1506 1482 1777 1418 1590 1538 1373 1473 1530 1330 1222 1761 1512 1437 1393 1429 1333 1544 1631 1582 1422 1494 1250 1327 1598 1406 1280 1384 1416 1327 1335 1513 1301
1042 1224 1017 1010 1033 1048 1186 1067 1002 1055 1257 1164 1216 937 1148 986 1166 1069 1232 1104 1140 1131 878 1299 1239 1157 925 1127 1158 983 1153 1226 1208 1259 1108 1348 1284 990 1198 1125 1103 905 1340 1127 947 1034 1041 1055 1286 1306 1211 1035 1166 1029 1067 1314 1089 978 1031 935 1015 1212 1132 1127
950 1183 973 893 996 973 1160 961 1124 1144 1210 1096 989 940 1229 1036 965 1001 1386 1157 1012 1092 841 1227 1103 1052 995 1042 1119 1066 953 1151 1062 1138 1059 1157 1171 899 1028 1165 998 753 1161 930 1002 1044 969 980 1135 1239 1239 980 1117 851 921 1172 1115 1093 1054 964 972 1042 1110 1047
1220 1649 1248 1409 1272 1251 1542 1248 1439 1410 1481 1491 1391 1214 1464 1339 1390 1295 1661 1440 1223 1298 1274 1567 1507 1280 1279 1284 1331 1183 1354 1445 1445 1624 1370 1564 1598 1324 1379 1435 1265 1070 1573 1333 1407 1341 1211 1173 1535 1433 1598 1271 1379 1230 1445 1519 1269 1274 1302 1367 1137 1463 1438 1235
1062 1413 975 1116 1040 1165 1203 1131 1187 1179 1274 1151 1245 1056 1160 1151 1011 1274 1186 1190 1257 1005 876 1360 1204 1206 1152 1279 1122 1004 1202 1379 1205 1213 1090 1460 1329 1103 1278 1259 1228 849 1418 1189 943 1130 1098 1101 1251 1239 1306 1149 1199 1170 1111 1312 1125 1069 1111 991 1101 1199 1269 1027
