1275 1270 1191 1221 1341 1180 1131 1106 1356 1106 1044 1254 1219 1444 1429 1195 1111 1318 1445 1063 1001 1355 1107 1278 1210 1273 1331 1113 1384 1367 1116 1171 1262 1020 1157 1323 1386 1337 1194 1315 1301 1273 1230 1066 1213 1094 1190 1050 1295 1177 1220 1033 1275 1396 1321 1066 971 1306 1182 1092 1142 1300 1293 1165
1004 1138 987 1049 1348 1033 1106 1151 1141 949 964 1284 1236 1343 1229 1092 1114 1135 1343 962 921 1186 1121 1253 1067 1036 1262 1014 1366 1329 1045 1053 1136 969 1097 1147 1248 1198 944 1073 1131 1106 1222 1019 1080 998 1060 1078 1194 1117 988 1036 1218 1247 1244 974 946 1260 1024 869 1029 1153 1197 1065
1135 1206 1135 1151 1421 1274 1229 1317 1367 1125 1210 1373 1303 1654 1344 1312 1214 1171 1576 1039 1094 1381 1229 1423 1272 1093 1370 1134 1434 1403 1160 1182 1249 1134 1264 1230 1251 1308 1234 1225 1363 1218 1393 1152 1326 1003 1193 1180 1296 1142 1255 1183 1346 1302 1218 1235 1098 1403 1207 1128 1265 1220 1109 1295
1323 1406 1171 1342 1367 1323 1137 1326 1445 1127 1113 1356 1552 1669 1496 1342 1322 1391 1495 1180 1120 1371 1265 1581 1224 1240 1374 1268 1547 1468 1188 1301 1375 1157 1266 1272 1481 1381 1150 1174 1326 1144 1328 1150 1373 1335 1341 1117 1391 1377 1346 1123 1449 1304 1316 1223 1121 1400 1156 1106 1233 1318 1411 1122
1282 1317 1325 1317 1630 1389 1308 1349 1453 1127 1201 1331 1402 1690 1464 1340 1296 1385 1530 1324 1226 1371 1361 1499 1407 1290 1544 1330 1517 1534 1244 1379 1472 1214 1282 1404 1502 1570 1163 1297 1601 1191 1333 1338 1465 1208 1280 1161 1383 1258 1399 1333 1492 1628 1260 1256 1148 1466 1371 1227 1271 1353 1334 1250
1094 1266 1048 1203 1513 1216 1182 1216 1305 1187 1117 1335 1436 1569 1375 1180 1192 1380 1434 1129 1158 1252 1332 1485 1258 1257 1405 1103 1406 1343 1169 1130 1315 1133 1302 1247 1334 1361 1174 1206 1285 1197 1248 1072 1345 1099 1154 1110 1272 1172 1291 1042 1375 1459 1239 1226 1113 1399 1317 1128 1335 1202 1401 1221
1526 1541 1489 1480 1652 1604 1241 1459 1638 1436 1303 1680 1562 2027 1713 1460 1471 1579 1823 1283 1242 1637 1469 1625 1420 1376 1588 1387 1724 1631 1345 1384 1559 1364 1521 1402 1711 1674 1390 1579 1633 1482 1460 1374 1518 1421 1383 1466 1552 1415 1497 1372 1565 1562 1618 1396 1307 1705 1340 1324 1481 1551 1545 1529
1192 1248 1053 1224 1455 1158 1091 1259 1313 1234 1051 1350 1313 1503 1372 1211 1210 1295 1460 1115 1051 1238 1174 1412 1142 1100 1352 1080 1370 1388 1062 1099 1211 1056 1245 1089 1316 1313 1113 1214 1142 1228 1196 1083 1247 1194 1164 999 1334 1139 1136 1149 1347 1285 1292 1142 1101 1313 1150 988 1123 1230 1327 1153
1231 1347 1198 1340 1384 1177 1148 1194 1336 1048 1230 1191 1445 1656 1419 1325 1149 1281 1382 1162 961 1344 1281 1385 1236 1235 1343 1155 1378 1350 1069 1219 1349 1133 1199 1322 1345 1395 1209 1237 1380 1113 1259 1120 1305 1161 1177 1136 1388 1187 1289 1117 1379 1413 1223 1135 1107 1380 1251 1059 1229 1234 1202 1183
1336 1463 1310 1440 1648 1460 1348 1432 1624 1447 1422 1542 1679 1941 1746 1501 1425 1498 1769 1247 1213 1650 1436 1741 1407 1428 1561 1337 1556 1570 1243 1425 1503 1341 1455 1460 1589 1665 1445 1527 1523 1540 1525 1298 1452 1393 1374 1351 1627 1550 1379 1362 1573 1587 1500 1465 1289 1621 1519 1108 1293 1553 1498 1422
1240 1269 1166 1177 1392 1266 1142 1188 1263 1308 1155 1328 1309 1547 1352 1210 1198 1179 1535 1017 1181 1373 1147 1447 1222 1141 1319 1066 1419 1297 1179 1135 1330 1116 1308 1147 1242 1194 1106 1266 1269 1219 1267 1060 1329 1210 1169 1086 1284 1180 1169 1060 1348 1223 1444 1169 973 1304 1278 1078 1138 1252 1336 1249
1126 1194 1025 1226 1542 1220 1094 1205 1320 1083 1087 1286 1362 1480 1422 1176 1213 1339 1434 1253 996 1295 1182 1341 1220 1156 1424 1024 1371 1351 1093 1096 1173 946 1267 1172 1292 1361 1099 1309 1251 1258 1249 1112 1147 1091 1195 1183 1362 1154 1100 1133 1429 1407 1252 1213 1147 1351 1212 1067 1151 1274 1269 1142
1253 1373 1153 1117 1415 1440 1140 1265 1399 1091 1057 1381 1331 1646 1378 1432 1266 1164 1591 1226 1188 1329 1221 1416 1231 1185 1298 1159 1385 1303 1189 1363 1352 1133 1236 1273 1514 1379 1206 1376 1347 1194 1192 1185 1360 1284 1274 1121 1480 1175 1397 1212 1368 1322 1292 1191 1206 1454 1308 1179 1146 1302 1372 1138
1365 1318 1278 1441 1579 1444 1199 1440 1536 1277 1308 1388 1498 1754 1646 1437 1383 1377 1600 1252 1114 1479 1305 1450 1395 1300 1588 1192 1537 1667 1063 1384 1471 1271 1372 1283 1500 1605 1328 1433 1498 1403 1460 1217 1389 1288 1205 1244 1523 1205 1334 1297 1528 1461 1364 1336 1079 1593 1283 1135 1305 1517 1387 1423
1195 1137 1170 1212 1313 1339 956 1078 1331 1093 1085 1281 1134 1558 1350 1166 1206 1232 1441 1178 1018 1205 1153 1354 1093 1057 1285 1053 1289 1303 980 1015 1289 944 1117 1195 1344 1366 1165 1179 1268 1127 1081 1253 1222 1117 1101 1019 1181 1070 1167 1180 1207 1255 1211 949 1076 1199 1188 1046 1124 1200 1305 1142
1194 1230 1155 1372 1401 1219 1132 1231 1367 1221 1034 1342 1316 1584 1474 1322 1347 1272 1607 1218 1078 1476 1200 1388 1315 1197 1364 1148 1468 1434 1114 1158 1279 1103 1356 1271 1330 1264 1142 1299 1360 1181 1262 1281 1282 1108 1023 1196 1313 1223 1256 1209 1383 1304 1307 1218 1111 1397 1259 1070 1097 1280 1301 1196
1309 1238 1124 1429 1327 1295 1225 1328 1404 1138 1131 1241 1400 1704 1458 1239 1285 1323 1411 1318 1087 1374 1304 1528 1155 1220 1392 1269 1511 1351 1069 1183 1231 1055 1330 1228 1485 1326 1311 1246 1266 1287 1196 1404 1308 1187 1168 1211 1282 1136 1278 1226 1323 1365 1242 1209 1275 1309 1187 1170 1376 1287 1316 1291
1278 1278 1226 1196 1510 1342 1190 1188 1383 1226 1160 1470 1451 1634 1472 1316 1209 1376 1589 1213 1243 1230 1316 1547 1209 1125 1481 1242 1437 1518 1233 1168 1348 1235 1324 1332 1385 1551 1212 1247 1587 1229 1337 1229 1382 1264 1099 1148 1437 1247 1280 1223 1365 1312 1363 1261 1127 1421 1293 1133 1294 1199 1229 1256
1308 1300 1284 1208 1435 1281 1262 1299 1531 1222 1263 1446 1424 1777 1344 1281 1254 1303 1589 1056 1192 1451 1274 1484 1311 1236 1317 1178 1467 1470 1183 1271 1370 1112 1363 1173 1472 1507 1211 1335 1463 1366 1377 1229 1327 1257 1204 1239 1399 1225 1392 1288 1348 1425 1438 1253 1071 1472 1215 1160 1203 1355 1328 1318
1250 1265 1229 1391 1556 1326 1093 1306 1420 1172 1178 1385 1409 1654 1488 1284 1279 1416 1534 1186 1118 1426 1196 1453 1291 1182 1451 1216 1411 1486 1106 1289 1375 1202 1305 1260 1340 1493 1210 1403 1484 1389 1294 1127 1347 1243 1242 1148 1481 1226 1295 1188 1521 1488 1308 1224 1077 1438 1218 1171 1186 1388 1365 1293
1335 1449 1176 1383 1672 1259 1261 1498 1564 1203 1157 1399 1565 1745 1657 1479 1264 1568 1731 1169 1258 1579 1303 1619 1372 1318 1573 1248 1651 1563 1376 1304 1393 1283 1450 1309 1443 1483 1228 1392 1506 1444 1554 1259 1423 1308 1221 1278 1421 1528 1349 1417 1616 1496 1353 1380 1132 1612 1376 1109 1395 1463 1469 1233
1223 1340 1213 1042 1485 1328 1180 1159 1270 1130 1092 1272 1395 1639 1419 1200 1143 1342 1430 1151 1172 1174 1235 1541 1158 1108 1318 1126 1470 1349 1044 1102 1304 1006 1151 1197 1330 1423 1130 1306 1370 1148 1145 1215 1370 1149 1120 1138 1245 1355 1111 1206 1196 1410 1290 1246 1144 1339 1223 987 1220 1158 1193 1194
1341 1472 1415 1377 1589 1366 1290 1360 1603 1335 1459 1415 1654 1855 1685 1324 1278 1474 1689 1163 1265 1517 1355 1673 1419 1312 1391 1297 1449 1483 1302 1441 1508 1322 1371 1281 1367 1559 1219 1420 1648 1396 1461 1244 1489 1435 1318 1351 1517 1431 1409 1289 1548 1522 1392 1401 1070 1627 1346 1189 1441 1385 1371 1279
1216 1345 1345 1232 1610 1534 1169 1221 1451 1284 1191 1432 1418 1718 1431 1370 1331 1415 1632 1297 1170 1404 1238 1408 1415 1252 1442 1223 1360 1464 1052 1361 1320 1093 1390 1360 1543 1545 1302 1464 1563 1261 1295 1183 1447 1123 1230 1332 1368 1244 1420 1237 1381 1594 1349 1222 1257 1490 1373 1206 1146 1526 1336 1378
1122 1170 1041 1218 1331 1161 1115 1318 1386 1012 1087 1330 1313 1679 1308 1342 1038 1078 1515 970 960 1289 1235 1307 1156 1138 1279 1090 1383 1306 993 1127 1276 1147 1214 1141 1297 1290 1148 1216 1255 1135 1223 1167 1194 1226 1070 1052 1353 1164 1263 1134 1342 1212 1178 1131 1020 1307 1173 960 1112 1212 1227 1141
1296 1396 1339 1284 1507 1295 1263 1348 1437 1322 1149 1518 1442 1711 1557 1328 1321 1459 1659 1028 1203 1370 1446 1654 1383 1251 1324 1256 1566 1622 1269 1253 1527 1119 1236 1340 1520 1501 1194 1426 1485 1406 1415 1287 1445 1144 1251 1190 1401 1424 1440 1195 1503 1558 1434 1276 1131 1580 1377 1111 1265 1357 1445 1281
1188 1228 1178 1262 1326 1273 1154 1258 1370 1127 1164 1254 1294 1587 1546 1237 1202 1253 1496 899 1081 1349 1285 1392 1132 1168 1237 1202 1442 1324 1116 1231 1372 1252 1283 1191 1240 1311 1034 1219 1326 1285 1421 1177 1231 1237 1109 1131 1390 1192 1249 1032 1307 1345 1285 1255 1058 1366 1164 1038 1221 1329 1258 1197
1358 1385 1240 1303 1477 1338 1309 1343 1505 1174 1141 1431 1442 1790 1481 1447 1366 1370 1570 1231 1141 1464 1342 1567 1359 1301 1612 1237 1625 1538 1176 1374 1486 1159 1268 1351 1634 1596 1307 1456 1490 1242 1279 1266 1353 1250 1374 1176 1445 1353 1415 1281 1497 1514 1452 1271 1124 1501 1379 1287 1264 1401 1366 1370
1107 1278 1130 1143 1332 1263 949 1007 1284 1108 1084 1190 1151 1479 1335 1201 1077 1201 1466 1023 1024 1296 988 1310 1118 1137 1308 1057 1239 1387 1030 1080 1277 1046 1168 1123 1294 1242 1125 1265 1330 1144 1119 944 1099 983 1193 1093 1197 1152 1080 1019 1320 1298 1202 965 919 1378 1191 945 1063 1313 1210 1199
1195 1249 1172 1214 1495 1293 1018 1154 1379 1164 1190 1335 1329 1626 1435 1167 1225 1363 1498 1209 971 1256 1211 1443 1181 992 1279 984 1380 1480 1096 1036 1354 1039 1186 1188 1370 1411 1183 1250 1246 1234 1245 1149 1274 1081 1098 1107 1290 1179 1040 1118 1391 1286 1314 1273 1139 1394 1137 991 1139 1187 1158 1181
1165 1348 1144 1192 1508 1280 1201 1258 1413 1242 1306 1253 1483 1639 1445 1263 1078 1340 1558 1195 1115 1266 1248 1438 1287 1307 1339 1043 1388 1326 1208 1174 1266 1117 1214 1305 1223 1377 1183 1423 1265 1244 1243 1082 1324 1208 1198 1096 1370 1149 1211 1132 1452 1416 1154 1221 1088 1452 1313 1037 1259 1166 1265 1211
1306 1448 1382 1453 1585 1440 1281 1391 1458 1286 1325 1394 1526 1928 1734 1301 1432 1402 1651 1269 1162 1461 1436 1552 1434 1347 1555 1266 1535 1609 1199 1394 1512 1350 1339 1353 1481 1602 1221 1469 1542 1275 1545 1254 1408 1300 1361 1186 1539 1400 1412 1255 1554 1629 1339 1378 1095 1503 1479 1226 1320 1493 1420 1331
1227 1176 1364 1312 1406 1328 1172 1147 1348 1299 1113 1374 1249 1614 1455 1305 1342 1234 1439 1181 983 1272 1304 1415 1188 1231 1426 1206 1362 1370 1066 1133 1389 1121 1196 1249 1419 1455 1097 1286 1253 1191 1237 1290 1307 1120 1123 1175 1358 1147 1225 1205 1229 1388 1429 1100 1271 1301 1110 1113 1154 1208 1351 1280
1286 1262 1306 1323 1407 1258 1183 1198 1297 1305 1236 1282 1365 1604 1473 1243 1323 1266 1509 1120 1051 1344 1247 1457 1218 1238 1351 1149 1343 1409 1169 1232 1286 1161 1278 1278 1273 1356 1245 1256 1351 1225 1282 1246 1325 1288 1130 1200 1409 1276 1170 1252 1329 1240 1393 1198 1038 1325 1251 1099 1186 1205 1332 1219
1463 1415 1265 1326 1641 1411 1336 1580 1599 1445 1392 1679 1570 1729 1668 1395 1473 1406 1744 1294 1294 1553 1381 1562 1471 1328 1616 1341 1642 1635 1314 1323 1324 1272 1496 1373 1492 1517 1309 1402 1521 1421 1504 1334 1388 1358 1266 1292 1515 1332 1468 1376 1552 1494 1520 1457 1144 1558 1430 1229 1329 1476 1454 1364
1267 1343 1287 1200 1545 1409 1149 1275 1423 1251 1074 1469 1382 1753 1614 1338 1357 1500 1566 1261 1052 1286 1367 1403 1235 1187 1390 1178 1560 1490 1215 1257 1327 1140 1322 1308 1491 1609 1215 1244 1308 1242 1337 1274 1452 1313 1100 1200 1357 1362 1301 1203 1370 1447 1388 1251 1168 1449 1248 1175 1302 1306 1341 1246
1266 1521 1426 1428 1624 1398 1331 1456 1733 1353 1430 1593 1568 1953 1766 1556 1355 1482 1722 1311 1202 1606 1344 1606 1471 1393 1560 1374 1755 1658 1386 1429 1561 1373 1438 1532 1656 1680 1445 1436 1615 1449 1629 1319 1464 1344 1320 1387 1612 1494 1500 1396 1541 1675 1514 1414 1211 1603 1489 1190 1374 1517 1405 1469
1044 1120 1091 1037 1161 1198 1027 1051 1229 1073 1061 1112 1146 1518 1217 1083 983 1026 1295 949 1028 1120 987 1364 1094 978 1196 970 1106 1247 913 1077 1197 1089 1061 1050 1278 1199 1172 1139 1240 1105 1177 1006 1109 920 1056 1001 1166 1045 1114 1077 1110 1147 1054 1136 977 1267 1063 942 1090 1161 1034 1130
1267 1262 1132 1219 1313 1334 1062 1207 1405 1068 1134 1252 1272 1547 1478 1243 1178 1303 1559 1145 1000 1244 1325 1369 1292 1155 1312 1047 1564 1273 1119 1107 1288 1028 1297 1262 1272 1428 1117 1227 1313 1093 1193 1148 1257 1264 1184 1152 1185 1151 1318 1035 1380 1373 1236 1202 1063 1410 1195 1141 1190 1284 1281 1191
1430 1378 1316 1384 1606 1445 1439 1441 1630 1378 1288 1494 1659 1843 1671 1380 1338 1408 1693 1277 1221 1426 1401 1615 1344 1253 1564 1258 1612 1544 1178 1261 1339 1263 1477 1217 1424 1525 1235 1496 1480 1518 1440 1340 1319 1464 1312 1207 1572 1407 1306 1298 1492 1457 1455 1453 1243 1572 1297 1183 1376 1446 1408 1370
1205 1254 1136 1082 1345 1417 1141 1136 1263 1151 1061 1420 1335 1458 1364 1181 1151 1250 1421 1173 1161 1166 1069 1398 1165 1106 1348 1116 1265 1345 1149 1146 1278 1118 1179 1197 1340 1372 1145 1212 1355 1242 1307 1052 1206 1176 1209 1067 1359 1150 1220 1087 1291 1289 1246 1133 1083 1483 1153 1131 1106 1285 1144 1208
1315 1320 1356 1366 1690 1405 1295 1390 1550 1311 1157 1624 1477 1884 1548 1416 1372 1523 1750 1231 1170 1480 1468 1595 1483 1368 1576 1354 1612 1572 1290 1300 1377 1213 1473 1384 1514 1640 1375 1392 1613 1383 1437 1371 1635 1289 1345 1435 1543 1435 1465 1408 1456 1570 1424 1379 1373 1575 1396 1291 1399 1322 1367 1396
1100 1136 1204 1317 1424 1327 1051 1109 1250 1143 1007 1378 1443 1615 1327 1328 1360 1274 1481 1128 1017 1284 1169 1349 1195 1109 1260 1065 1302 1346 967 1080 1302 954 1263 1154 1262 1406 1141 1272 1301 1245 1221 1150 1256 1085 1102 1225 1400 1182 1163 1108 1237 1222 1234 1175 1227 1441 1170 1074 1107 1262 1393 1243
1179 1248 1269 1396 1495 1336 1222 1086 1327 1159 1065 1259 1414 1643 1459 1261 1270 1328 1397 1185 935 1340 1148 1382 1227 1163 1384 1153 1483 1360 999 1067 1374 1010 1262 1340 1406 1447 1168 1366 1350 1116 1265 1250 1150 1190 1268 1089 1249 1376 1118 980 1322 1369 1320 1207 1202 1286 1256 1000 1165 1289 1314 1162
1317 1280 1212 1341 1492 1367 1156 1391 1412 1264 1197 1425 1593 1791 1532 1545 1270 1358 1597 1088 1090 1425 1374 1534 1311 1368 1334 1282 1466 1347 1063 1239 1408 1104 1339 1402 1472 1390 1313 1455 1324 1334 1359 1303 1424 1295 1116 1225 1480 1320 1322 1182 1409 1344 1305 1282 1329 1466 1261 995 1194 1331 1460 1378
1090 1160 1206 1226 1408 1281 1113 1163 1479 1193 1108 1189 1187 1643 1412 1098 1169 1354 1341 1055 912 1283 1297 1470 1259 1212 1307 1107 1368 1387 1044 1212 1298 1117 1185 1103 1366 1364 1108 1157 1363 1180 1230 1214 1278 1135 1106 1138 1267 1222 1159 1117 1247 1399 1282 1239 987 1282 1203 1072 1182 1192 1228 1098
1266 1300 1205 1276 1477 1310 1047 1258 1326 1174 1090 1397 1350 1603 1348 1267 1086 1352 1514 1049 1130 1301 1234 1335 1108 1176 1343 1228 1368 1417 1078 1154 1271 1182 1268 1128 1187 1432 1093 1261 1377 1215 1149 1113 1348 1182 1117 1111 1370 1216 1273 1081 1375 1290 1195 1162 1047 1412 1222 1089 1251 1265 1240 1213
1168 1260 1120 1187 1469 1155 1115 1270 1296 1174 1196 1431 1398 1548 1432 1156 1117 1328 1527 1140 1092 1162 1160 1406 1146 1061 1365 1151 1396 1386 1040 1114 1189 1116 1214 1227 1272 1466 1089 1208 1232 1141 1338 1183 1280 1140 1140 1115 1268 1191 1183 1135 1301 1398 1128 1168 1126 1318 1139 972 1133 1230 1196 1136
1508 1444 1518 1584 1655 1529 1313 1555 1752 1419 1253 1633 1507 1898 1686 1517 1499 1660 1896 1275 1267 1643 1514 1649 1481 1413 1618 1439 1740 1608 1369 1445 1548 1351 1605 1477 1637 1547 1405 1493 1569 1518 1511 1338 1551 1489 1408 1425 1574 1398 1488 1389 1592 1520 1492 1420 1339 1694 1406 1419 1404 1700 1575 1538
1245 1143 1136 1208 1411 1162 1057 1148 1265 1183 1066 1286 1284 1500 1476 1205 1249 1375 1478 1116 1117 1307 1146 1464 1172 1067 1239 1091 1398 1256 1061 1151 1286 970 1149 1217 1283 1292 1086 1216 1246 1261 1163 1153 1333 1103 1012 1102 1257 1220 1097 1189 1231 1323 1264 1105 1077 1315 1171 973 1013 1336 1221 1135
1266 1274 1287 1265 1436 1410 1295 1306 1341 1307 1213 1372 1397 1774 1480 1413 1309 1157 1564 1102 1189 1430 1251 1596 1318 1201 1401 1190 1470 1496 1232 1198 1338 1110 1320 1285 1351 1455 1181 1316 1413 1304 1499 1266 1343 1109 1128 1270 1479 1314 1253 1280 1348 1335 1392 1235 1150 1450 1305 1104 1234 1309 1247 1283
1376 1394 1246 1385 1485 1372 1180 1324 1425 1144 1202 1385 1460 1715 1433 1381 1376 1340 1605 1297 1206 1436 1250 1521 1314 1175 1568 1213 1646 1549 1214 1359 1485 1226 1429 1442 1491 1574 1244 1304 1502 1132 1340 1141 1306 1307 1399 1179 1442 1226 1435 1287 1512 1461 1429 1265 1129 1392 1279 1252 1259 1450 1418 1344
1171 1157 1061 937 1215 1252 1056 1064 1271 1027 990 1269 1228 1410 1236 1019 1041 1227 1392 1049 1159 1256 1084 1262 1122 995 1256 1012 1288 1091 1029 1081 1124 931 1271 1135 1290 1297 1061 1124 1230 1002 1158 1075 1057 1156 1030 1047 1109 1085 1127 1100 1146 1195 1155 1169 1024 1211 1057 1057 1101 1239 1136 1189
1373 1520 1336 1322 1623 1461 1390 1428 1676 1339 1384 1630 1623 1906 1731 1401 1355 1518 1764 1322 1217 1531 1384 1647 1493 1335 1622 1213 1781 1683 1308 1298 1397 1207 1497 1376 1591 1689 1469 1517 1603 1362 1557 1382 1336 1364 1312 1422 1413 1522 1431 1400 1535 1542 1536 1557 1166 1587 1436 1228 1431 1465 1382 1451
1253 1306 1156 1349 1463 1385 1172 1325 1441 1172 1139 1457 1456 1689 1514 1399 1368 1343 1586 1155 1083 1529 1341 1555 1329 1387 1465 1299 1565 1444 1188 1316 1275 1151 1485 1369 1395 1435 1236 1295 1472 1189 1342 1301 1286 1353 1263 1217 1478 1379 1281 1184 1460 1359 1323 1333 1153 1441 1292 1127 1227 1245 1442 1254
1149 1140 1049 1068 1330 1229 1105 1147 1310 1099 1115 1238 1251 1386 1225 1288 1017 1191 1384 960 1032 1212 1123 1285 1156 1196 1235 1070 1328 1240 1114 1139 1195 992 1119 1171 1296 1273 1158 1249 1318 1259 1217 1031 1220 1035 987 1042 1171 961 1235 1129 1236 1236 1286 1031 1050 1269 1120 982 1085 1222 1107 1222
1318 1223 1313 1183 1484 1262 1355 1191 1456 1161 1161 1390 1529 1651 1383 1331 1160 1341 1516 1042 1140 1385 1223 1529 1326 1184 1425 1140 1512 1451 1142 1240 1352 1082 1355 1379 1493 1424 1228 1277 1505 1313 1460 1236 1139 1252 1189 1221 1407 1333 1226 1229 1373 1342 1351 1263 1136 1463 1222 1064 1226 1307 1282 1358
1312 1351 1352 1303 1512 1506 1298 1249 1460 1272 1087 1441 1431 1753 1528 1406 1406 1404 1608 1146 1078 1424 1347 1513 1375 1335 1423 1214 1594 1531 1168 1267 1461 1158 1429 1196 1502 1508 1368 1409 1435 1333 1436 1248 1346 1199 1281 1222 1377 1388 1436 1224 1481 1466 1411 1407 1193 1496 1357 1248 1367 1434 1405 1400
1372 1405 1278 1320 1599 1458 1322 1442 1409 1422 1235 1618 1511 1771 1599 1285 1304 1368 1612 1168 1250 1404 1336 1478 1354 1319 1508 1284 1551 1469 1169 1294 1323 1328 1347 1329 1387 1526 1259 1448 1392 1380 1443 1224 1417 1349 1177 1165 1537 1244 1447 1263 1388 1508 1447 1371 1198 1452 1277 1216 1353 1405 1324 1408
1307 1354 1281 1469 1577 1412 1268 1291 1417 1221 1096 1489 1472 1704 1434 1439 1310 1387 1648 1216 1199 1498 1378 1404 1363 1478 1555 1310 1585 1482 1284 1265 1463 1232 1350 1476 1443 1591 1205 1445 1459 1368 1330 1222 1456 1245 1255 1106 1554 1198 1375 1287 1416 1519 1413 1242 1323 1464 1302 1169 1227 1356 1523 1444
1335 1493 1280 1293 1599 1341 1309 1312 1499 1270 1166 1471 1518 1718 1521 1413 1378 1493 1609 1211 1193 1394 1293 1643 1345 1282 1473 1208 1721 1559 1273 1257 1358 1189 1489 1289 1369 1535 1224 1342 1414 1300 1414 1208 1422 1336 1326 1187 1416 1451 1301 1239 1428 1467 1431 1367 1192 1565 1288 1166 1403 1258 1470 1312
1430 1506 1485 1476 1632 1486 1243 1380 1704 1301 1385 1531 1526 1846 1742 1392 1406 1631 1851 1298 1178 1540 1513 1602 1473 1423 1522 1252 1599 1554 1338 1371 1586 1333 1436 1530 1606 1671 1327 1553 1648 1499 1540 1305 1576 1418 1335 1377 1471 1381 1520 1342 1658 1700 1429 1419 1218 1693 1383 1255 1389 1480 1509 1421
1378 1494 1459 1367 1513 1449 1253 1272 1457 1338 1270 1439 1432 1741 1577 1333 1350 1356 1548 1222 1139 1447 1298 1494 1338 1305 1450 1266 1514 1520 1257 1232 1440 1225 1306 1359 1413 1581 1189 1378 1413 1274 1391 1153 1359 1255 1319 1164 1508 1316 1358 1236 1383 1503 1471 1286 1129 1455 1229 1219 1286 1371 1331 1349
1211 1144 1066 1169 1372 1101 1114 1222 1186 1088 1038 1138 1310 1494 1328 1230 1175 1198 1312 1121 1000 1197 1194 1373 1181 1182 1246 1136 1392 1342 993 1165 1079 956 1256 1179 1231 1257 1076 1126 1261 1104 1146 1051 1211 1127 1065 1029 1242 1111 1117 1135 1169 1304 1201 1020 1057 1262 1128 892 1025 1223 1238 1150
