9 3 5 4 9 8 3 5 2 7 1 3 6 5 5 2
8 7 4 2 8 2 3 7 2 7 1 8 4 5 4 7
1 6 9 7 2 9 3 4 7 9 5 4 5 4 6 3
9 4 1 3 9 1 7 5 1 5 4 9 3 0 1 4
2 7 9 4 4 0 0 0 7 7 6 8 3 3 9 6
2 1 5 5 0 2 8 8 5 8 0 6 1 1 3 3
1 5 1 3 5 4 0 8 6 5 7 0 8 1 9 6
8 2 0 7 4 4 9 8 3 1 5 9 8 1 9 2
9 6 1 0 4 8 8 8 2 7 1 0 2 6 3 4
2 6 6 7 6 1 6 9 7 1 5 8 4 6 9 3
0 7 4 2 6 5 2 3 0 7 1 1 4 8 6 9
3 8 2 0 3 4 8 3 3 4 5 6 7 3 8 4
1 2 3 5 3 0 9 0 2 5 5 1 5 3 4 3
4 1 6 2 9 7 1 9 0 3 1 0 8 9 7 9
3 6 6 3 0 0 8 8 4 2 1 8 7 2 2 5
9 9 5 4 1 3 1 2 4 4 8 2 0 3 9 7
