4 3 5 0 7 8 9 7 5 4 1 4 4 7 6 9
6 2 8 4 7 1 3 5 3 1 4 4 8 8 8 4
8 3 1 6 0 8 4 2 7 1 5 1 7 8 2 6
2 2 2 4 5 7 3 0 0 9 9 7 9 7 5 2
1 2 2 8 2 6 1 1 2 5 1 3 7 3 4 1
8 0 9 1 4 8 2 9 5 1 1 7 5 1 5 9
9 5 7 8 7 1 9 6 5 4 4 6 1 9 8 3
9 2 0 8 6 9 5 4 9 2 8 0 2 8 1 0
9 8 5 5 3 2 6 0 5 8 6 4 1 7 0 5
6 1 5 5 5 3 1 4 3 0 9 4 0 1 6 7
6 7 4 0 4 3 2 5 3 3 4 9 9 2 6 7
3 2 5 5 7 8 1 5 6 2 6 1 3 5 8 0
8 8 5 8 5 2 0 1 6 0 6 1 2 4 4 9
4 4 9 2 8 4 3 0 1 0 7 0 5 2 7 2
2 8 1 0 9 9 3 1 2 0 5 3 6 7 3 3
4 4 1 7 5 4 1 8 3 6 4 9 0 9 6 2
